1 0.040000 0.079208 0.026667 0.039604
1 0.220000 0.175743 0.020000 0.034653
1 0.243333 0.168317 0.026667 0.039604
1 0.226667 0.059406 0.020000 0.039604
1 0.211667 0.076733 0.016667 0.024752
1 0.288333 0.155941 0.023333 0.044554
1 0.153333 0.400990 0.026667 0.039604
1 0.178333 0.393564 0.023333 0.034653
1 0.198333 0.396040 0.023333 0.029703
1 0.070000 0.410891 0.026667 0.049505
1 0.028333 0.460396 0.023333 0.039604
1 0.026667 0.547030 0.026667 0.044554
1 0.190000 0.613861 0.020000 0.039604
1 0.210000 0.626238 0.020000 0.034653
1 0.235000 0.641089 0.023333 0.034653
1 0.251667 0.653465 0.023333 0.029703
1 0.270000 0.665842 0.020000 0.034653
1 0.288333 0.683168 0.023333 0.039604
1 0.310000 0.710396 0.020000 0.044554
1 0.328333 0.722772 0.023333 0.029703
1 0.021667 0.683168 0.016667 0.029703
1 0.041667 0.695545 0.030000 0.034653
1 0.075000 0.720297 0.016667 0.034653
1 0.095000 0.732673 0.016667 0.029703
1 0.130000 0.745050 0.020000 0.034653
1 0.153333 0.754950 0.026667 0.034653
1 0.171667 0.759901 0.023333 0.034653
1 0.190000 0.767327 0.020000 0.039604
1 0.210000 0.769802 0.020000 0.034653
1 0.228333 0.779703 0.023333 0.034653
1 0.248333 0.774752 0.016667 0.034653
1 0.378333 0.747525 0.023333 0.029703
1 0.406667 0.740099 0.020000 0.034653
1 0.431667 0.730198 0.023333 0.024752
1 0.448333 0.720297 0.023333 0.034653
1 0.513333 0.695545 0.020000 0.044554
1 0.530000 0.695545 0.020000 0.034653
1 0.600000 0.668317 0.020000 0.039604
1 0.620000 0.658416 0.013333 0.039604
1 0.645000 0.646040 0.016667 0.034653
1 0.828333 0.616337 0.023333 0.034653
1 0.853333 0.616337 0.020000 0.044554
1 0.875000 0.613861 0.023333 0.039604
1 0.986667 0.628713 0.026667 0.029703
1 0.550000 0.863861 0.020000 0.034653
1 0.575000 0.856436 0.023333 0.039604
1 0.598333 0.856436 0.023333 0.039604
1 0.618333 0.846535 0.016667 0.039604
1 0.641667 0.856436 0.016667 0.029703
1 0.660000 0.861386 0.020000 0.039604
1 0.681667 0.858911 0.023333 0.034653
1 0.260000 0.304455 0.020000 0.034653
1 0.288333 0.277228 0.023333 0.039604
1 0.303333 0.257426 0.020000 0.029703
1 0.346667 0.344059 0.020000 0.034653
1 0.368333 0.334158 0.016667 0.024752
1 0.480000 0.316832 0.013333 0.029703
1 0.498333 0.319307 0.023333 0.034653
1 0.623333 0.205446 0.020000 0.034653
1 0.641667 0.207921 0.016667 0.039604
1 0.656667 0.212871 0.013333 0.039604
1 0.675000 0.227723 0.023333 0.039604
1 0.691667 0.232673 0.016667 0.039604
1 0.708333 0.237624 0.023333 0.039604
1 0.731667 0.247525 0.016667 0.049505
1 0.750000 0.254950 0.020000 0.044554
1 0.768333 0.272277 0.016667 0.049505
1 0.786667 0.284653 0.020000 0.044554
1 0.803333 0.306931 0.020000 0.039604
1 0.823333 0.319307 0.020000 0.044554
1 0.846667 0.336634 0.020000 0.039604
1 0.871667 0.371287 0.016667 0.039604
1 0.605000 0.351485 0.023333 0.039604
1 0.653333 0.368812 0.013333 0.034653
1 0.668333 0.378713 0.023333 0.044554
1 0.550000 0.326733 0.020000 0.029703
1 0.436667 0.363861 0.020000 0.034653
1 0.455000 0.373762 0.016667 0.034653
1 0.473333 0.383663 0.020000 0.034653
1 0.486667 0.398515 0.013333 0.034653
1 0.400000 0.507426 0.020000 0.034653
1 0.411667 0.539604 0.023333 0.029703
1 0.425000 0.569307 0.036667 0.039604
1 0.436667 0.594059 0.026667 0.029703
1 0.448333 0.621287 0.023333 0.034653
1 0.461667 0.646040 0.023333 0.034653
1 0.565000 0.487624 0.023333 0.034653
1 0.586667 0.500000 0.020000 0.039604
1 0.665000 0.608911 0.023333 0.039604
1 0.710000 0.636139 0.020000 0.034653
1 0.801667 0.767327 0.023333 0.039604
1 0.400000 0.141089 0.020000 0.034653
1 0.421667 0.138614 0.023333 0.039604
1 0.441667 0.141089 0.023333 0.044554
1 0.463333 0.150990 0.020000 0.044554
1 0.758333 0.623762 0.016667 0.029703
1 0.408333 0.321782 0.023333 0.029703
1 0.430000 0.319307 0.020000 0.034653
1 0.508333 0.420792 0.023333 0.039604
1 0.540000 0.173267 0.020000 0.039604
1 0.556667 0.178218 0.020000 0.039604
1 0.576667 0.183168 0.020000 0.039604
1 0.593333 0.188119 0.020000 0.029703
1 0.461667 0.321782 0.023333 0.029703
1 0.193333 0.457921 0.026667 0.044554
1 0.176667 0.482673 0.026667 0.034653
1 0.891667 0.388614 0.023333 0.044554
1 0.040000 0.742574 0.026667 0.039604
1 0.520000 0.168317 0.020000 0.049505
1 0.613333 0.537129 0.026667 0.044554
1 0.753333 0.717822 0.026667 0.049505
1 0.516667 0.324257 0.020000 0.044554
