1 0.271930 0.179825 0.035088 0.035088
1 0.250000 0.252193 0.035088 0.030702
1 0.245614 0.276316 0.043860 0.043860
1 0.212719 0.401316 0.048246 0.039474
1 0.201754 0.436404 0.035088 0.030702
1 0.188596 0.464912 0.035088 0.035088
1 0.173246 0.495614 0.039474 0.026316
1 0.153509 0.528509 0.035088 0.039474
1 0.129386 0.629386 0.030702 0.048246
1 0.116228 0.671053 0.039474 0.035088
1 0.024123 0.563596 0.030702 0.030702
1 0.050439 0.565789 0.021930 0.026316
1 0.083333 0.567982 0.035088 0.030702
1 0.190789 0.576754 0.030702 0.030702
1 0.219298 0.567982 0.035088 0.030702
1 0.252193 0.557018 0.039474 0.026316
1 0.291667 0.539474 0.039474 0.035088
1 0.331140 0.517544 0.039474 0.035088
1 0.366228 0.493421 0.039474 0.039474
1 0.392544 0.471491 0.039474 0.039474
1 0.418860 0.440789 0.039474 0.039474
1 0.447368 0.412281 0.035088 0.035088
1 0.495614 0.232456 0.035088 0.035088
1 0.489035 0.274123 0.039474 0.039474
1 0.486842 0.326754 0.035088 0.048246
1 0.469298 0.372807 0.052632 0.052632
1 0.307018 0.348684 0.043860 0.030702
1 0.355263 0.339912 0.043860 0.039474
1 0.263158 0.353070 0.043860 0.030702
1 0.539474 0.287281 0.035088 0.030702
1 0.570175 0.260965 0.043860 0.030702
1 0.594298 0.239035 0.039474 0.030702
1 0.618421 0.203947 0.043860 0.039474
1 0.640351 0.171053 0.035088 0.043860
1 0.690789 0.162281 0.030702 0.035088
1 0.666667 0.190789 0.035088 0.030702
1 0.574561 0.300439 0.043860 0.030702
1 0.546053 0.331140 0.039474 0.039474
1 0.521930 0.364035 0.043860 0.035088
1 0.484649 0.412281 0.039474 0.035088
1 0.462719 0.445175 0.030702 0.030702
1 0.447368 0.471491 0.035088 0.030702
1 0.436404 0.510965 0.039474 0.039474
1 0.427632 0.550439 0.030702 0.030702
1 0.416667 0.581140 0.035088 0.039474
1 0.405702 0.614035 0.039474 0.035088
1 0.401316 0.646930 0.030702 0.030702
1 0.372807 0.739035 0.035088 0.039474
1 0.359649 0.767544 0.035088 0.035088
1 0.350877 0.800439 0.035088 0.039474
1 0.331140 0.835526 0.039474 0.039474
1 0.146930 0.723684 0.039474 0.052632
1 0.092105 0.756579 0.035088 0.039474
1 0.199561 0.671053 0.030702 0.035088
1 0.214912 0.642544 0.035088 0.039474
1 0.245614 0.614035 0.035088 0.043860
1 0.313596 0.559211 0.048246 0.030702
1 0.530702 0.517544 0.043860 0.035088
1 0.567982 0.504386 0.039474 0.035088
1 0.603070 0.482456 0.039474 0.043860
1 0.657895 0.429825 0.035088 0.035088
1 0.758772 0.188596 0.035088 0.035088
1 0.750000 0.217105 0.026316 0.030702
1 0.734649 0.247807 0.030702 0.030702
1 0.730263 0.274123 0.030702 0.021930
1 0.721491 0.298246 0.030702 0.017544
1 0.809211 0.197368 0.021930 0.035088
1 0.793860 0.230263 0.026316 0.039474
1 0.739035 0.331140 0.030702 0.039474
1 0.728070 0.364035 0.026316 0.035088
1 0.714912 0.394737 0.035088 0.035088
1 0.688596 0.449561 0.035088 0.030702
1 0.668860 0.484649 0.039474 0.048246
1 0.638158 0.546053 0.039474 0.039474
1 0.475877 0.782895 0.048246 0.048246
1 0.423246 0.844298 0.039474 0.048246
1 0.842105 0.195175 0.035088 0.048246
1 0.870614 0.195175 0.030702 0.039474
1 0.839912 0.254386 0.030702 0.035088
1 0.824561 0.285088 0.035088 0.043860
1 0.907895 0.197368 0.035088 0.043860
1 0.969298 0.234649 0.035088 0.048246
1 0.940789 0.269737 0.030702 0.039474
1 0.923246 0.298246 0.030702 0.035088
1 0.927632 0.346491 0.048246 0.061404
1 0.892544 0.399123 0.039474 0.043860
1 0.877193 0.302632 0.026316 0.026316
1 0.861842 0.326754 0.030702 0.039474
1 0.822368 0.339912 0.039474 0.039474
1 0.802632 0.370614 0.035088 0.030702
1 0.780702 0.403509 0.026316 0.035088
1 0.817982 0.453947 0.030702 0.030702
1 0.789474 0.438596 0.035088 0.035088
1 0.846491 0.467105 0.035088 0.039474
1 0.820175 0.502193 0.035088 0.039474
1 0.723684 0.486842 0.035088 0.035088
1 0.743421 0.559211 0.039474 0.039474
1 0.596491 0.684211 0.043860 0.043860
1 0.561404 0.719298 0.035088 0.043860
1 0.596491 0.741228 0.035088 0.043860
1 0.618421 0.789474 0.035088 0.043860
1 0.589912 0.820175 0.048246 0.043860
1 0.515351 0.839912 0.039474 0.039474
1 0.675439 0.651316 0.035088 0.030702
1 0.440789 0.313596 0.039474 0.030702
1 0.504386 0.164474 0.035088 0.039474
1 0.500000 0.201754 0.043860 0.026316
1 0.616228 0.583333 0.048246 0.043860
1 0.765351 0.532895 0.039474 0.048246
1 0.258772 0.217105 0.043860 0.048246
1 0.666667 0.736842 0.043860 0.043860
