1 0.596078 0.348485 0.031373 0.050505
1 0.574510 0.366162 0.035294 0.045455
1 0.556863 0.388889 0.031373 0.050505
1 0.541176 0.409091 0.031373 0.050505
1 0.519608 0.424242 0.035294 0.050505
1 0.498039 0.452020 0.031373 0.045455
1 0.745098 0.666667 0.031373 0.050505
1 0.719608 0.666667 0.027451 0.050505
1 0.694118 0.664141 0.031373 0.055556
1 0.668627 0.666667 0.035294 0.060606
1 0.388235 0.340909 0.039216 0.045455
1 0.401961 0.366162 0.035294 0.035354
1 0.290196 0.669192 0.031373 0.045455
1 0.276471 0.699495 0.035294 0.045455
1 0.266667 0.727273 0.039216 0.040404
1 0.250980 0.752525 0.039216 0.050505
1 0.235294 0.777778 0.047059 0.050505
1 0.221569 0.800505 0.043137 0.055556
1 0.423529 0.416667 0.039216 0.035354
1 0.625490 0.661616 0.050980 0.060606
1 0.480392 0.487374 0.050980 0.065657
1 0.190196 0.835859 0.058824 0.075758
