1 0.311667 0.112167 0.030000 0.019011
1 0.326667 0.134981 0.020000 0.026616
1 0.346667 0.174905 0.020000 0.030418
1 0.360000 0.193916 0.026667 0.022814
1 0.375000 0.216730 0.023333 0.038023
1 0.390000 0.237643 0.026667 0.026616
1 0.405000 0.260456 0.023333 0.026616
1 0.420000 0.285171 0.026667 0.030418
1 0.526667 0.446768 0.033333 0.034221
1 0.580000 0.568441 0.033333 0.026616
1 0.578333 0.598859 0.023333 0.026616
1 0.361667 0.519011 0.023333 0.026616
1 0.368333 0.498099 0.023333 0.022814
1 0.373333 0.479087 0.026667 0.038023
1 0.383333 0.456274 0.026667 0.030418
1 0.515000 0.543726 0.023333 0.030418
1 0.498333 0.640684 0.030000 0.026616
1 0.490000 0.667300 0.026667 0.026616
1 0.486667 0.692015 0.026667 0.030418
1 0.480000 0.720532 0.026667 0.026616
1 0.480000 0.749049 0.026667 0.022814
1 0.870000 0.646388 0.026667 0.038023
1 0.843333 0.646388 0.026667 0.030418
1 0.820000 0.650190 0.026667 0.022814
1 0.566667 0.680608 0.033333 0.030418
1 0.551667 0.714829 0.036667 0.045627
1 0.531667 0.737643 0.030000 0.030418
1 0.516667 0.758555 0.026667 0.026616
1 0.498333 0.477186 0.023333 0.026616
1 0.506667 0.501901 0.026667 0.030418
1 0.386667 0.800380 0.026667 0.034221
1 0.331667 0.663498 0.036667 0.034221
