1 0.861742 0.172775 0.026515 0.052356
1 0.878788 0.196335 0.022727 0.036649
1 0.892045 0.212042 0.026515 0.036649
1 0.905303 0.230366 0.022727 0.041885
1 0.926136 0.256545 0.026515 0.041885
1 0.946970 0.274869 0.030303 0.036649
1 0.977273 0.390052 0.030303 0.047120
1 0.549242 0.091623 0.030303 0.047120
1 0.532197 0.112565 0.026515 0.047120
1 0.365530 0.180628 0.018939 0.036649
1 0.386364 0.178010 0.022727 0.041885
1 0.494318 0.138743 0.026515 0.036649
1 0.299242 0.204188 0.022727 0.052356
1 0.079545 0.219895 0.022727 0.041885
1 0.104167 0.214660 0.026515 0.041885
1 0.414773 0.295812 0.026515 0.047120
1 0.395833 0.311518 0.026515 0.047120
1 0.376894 0.327225 0.034091 0.036649
1 0.458333 0.340314 0.022727 0.031414
1 0.465909 0.363874 0.022727 0.036649
1 0.712121 0.479058 0.022727 0.036649
1 0.691288 0.481675 0.026515 0.041885
1 0.668561 0.479058 0.026515 0.036649
1 0.660985 0.651832 0.026515 0.047120
1 0.681818 0.667539 0.022727 0.047120
1 0.706439 0.678010 0.026515 0.047120
1 0.731061 0.696335 0.022727 0.052356
1 0.759470 0.706806 0.026515 0.052356
1 0.784091 0.712042 0.022727 0.052356
1 0.808712 0.722513 0.026515 0.041885
1 0.619318 0.568063 0.026515 0.036649
1 0.636364 0.609948 0.022727 0.047120
1 0.623106 0.484293 0.026515 0.036649
1 0.570076 0.507853 0.026515 0.041885
1 0.496212 0.484293 0.030303 0.047120
1 0.490530 0.518325 0.026515 0.041885
1 0.219697 0.481675 0.022727 0.041885
1 0.242424 0.481675 0.015152 0.031414
1 0.261364 0.484293 0.022727 0.036649
1 0.285985 0.489529 0.026515 0.047120
1 0.452652 0.562827 0.026515 0.036649
1 0.357955 0.552356 0.018939 0.036649
1 0.337121 0.552356 0.030303 0.036649
1 0.320076 0.557592 0.018939 0.036649
1 0.306818 0.565445 0.022727 0.031414
1 0.284091 0.570681 0.030303 0.041885
1 0.113636 0.756545 0.030303 0.036649
1 0.126894 0.780105 0.026515 0.041885
1 0.143939 0.808901 0.030303 0.036649
1 0.157197 0.835079 0.026515 0.036649
1 0.393939 0.570681 0.030303 0.052356
1 0.494318 0.646597 0.034091 0.047120
1 0.920455 0.900524 0.030303 0.041885
1 0.929924 0.931937 0.026515 0.041885
1 0.948864 0.950262 0.026515 0.036649
1 0.958333 0.973822 0.022727 0.031414
1 0.539773 0.780105 0.034091 0.041885
1 0.090909 0.520942 0.030303 0.057592
1 0.189394 0.654450 0.030303 0.031414
1 0.583333 0.947644 0.022727 0.041885
1 0.780303 0.979058 0.030303 0.041885
1 0.125000 0.445026 0.030303 0.041885
1 0.106061 0.476440 0.037879 0.052356
1 0.742424 0.479058 0.037879 0.057592
1 0.945076 0.403141 0.041667 0.062827
1 0.445076 0.306283 0.034091 0.047120
