1 0.589641 0.017500 0.063745 0.025000
1 0.597610 0.055000 0.055777 0.060000
1 0.605578 0.102500 0.047809 0.055000
1 0.613546 0.155000 0.055777 0.060000
1 0.623506 0.202500 0.043825 0.055000
1 0.631474 0.242500 0.051793 0.055000
1 0.663347 0.327500 0.035857 0.045000
1 0.675299 0.357500 0.035857 0.045000
1 0.681275 0.377500 0.031873 0.035000
1 0.703187 0.405000 0.035857 0.040000
1 0.717131 0.432500 0.039841 0.045000
1 0.731076 0.460000 0.035857 0.050000
1 0.752988 0.475000 0.031873 0.060000
1 0.792829 0.532500 0.039841 0.055000
1 0.826693 0.565000 0.043825 0.060000
1 0.856574 0.595000 0.039841 0.070000
1 0.886454 0.617500 0.035857 0.055000
1 0.918327 0.645000 0.035857 0.070000
1 0.952191 0.655000 0.031873 0.060000
1 0.982072 0.682500 0.035857 0.065000
1 0.103586 0.277500 0.031873 0.055000
1 0.131474 0.285000 0.039841 0.050000
1 0.165339 0.305000 0.035857 0.060000
1 0.197211 0.315000 0.035857 0.060000
1 0.227092 0.335000 0.039841 0.060000
1 0.258964 0.350000 0.039841 0.060000
1 0.286853 0.365000 0.031873 0.060000
1 0.314741 0.382500 0.039841 0.065000
1 0.350598 0.410000 0.047809 0.060000
1 0.390438 0.427500 0.039841 0.065000
1 0.420319 0.455000 0.035857 0.060000
1 0.470120 0.482500 0.039841 0.065000
1 0.500000 0.505000 0.035857 0.060000
1 0.529880 0.522500 0.039841 0.075000
1 0.577689 0.545000 0.031873 0.070000
1 0.601594 0.560000 0.039841 0.070000
1 0.940239 0.730000 0.047809 0.070000
1 0.896414 0.710000 0.039841 0.060000
1 0.840637 0.687500 0.039841 0.055000
1 0.764940 0.655000 0.039841 0.060000
1 0.717131 0.625000 0.031873 0.060000
1 0.681275 0.607500 0.039841 0.075000
1 0.645418 0.590000 0.047809 0.060000
1 0.073705 0.387500 0.035857 0.065000
1 0.129482 0.412500 0.035857 0.065000
1 0.177291 0.430000 0.035857 0.060000
1 0.229084 0.452500 0.035857 0.055000
1 0.324701 0.502500 0.043825 0.055000
1 0.360558 0.517500 0.027888 0.045000
1 0.623506 0.657500 0.043825 0.065000
1 0.563745 0.620000 0.035857 0.060000
1 0.509960 0.597500 0.039841 0.055000
1 0.428287 0.552500 0.035857 0.055000
1 0.380478 0.530000 0.035857 0.050000
1 0.029880 0.455000 0.043825 0.050000
1 0.075697 0.462500 0.039841 0.065000
1 0.115538 0.477500 0.039841 0.065000
1 0.191235 0.500000 0.031873 0.040000
1 0.227092 0.507500 0.031873 0.055000
1 0.258964 0.525000 0.031873 0.060000
1 0.306773 0.540000 0.039841 0.040000
1 0.669323 0.685000 0.047809 0.060000
1 0.013944 0.792500 0.019920 0.055000
1 0.035857 0.802500 0.031873 0.055000
1 0.071713 0.805000 0.031873 0.050000
1 0.095618 0.820000 0.031873 0.060000
1 0.125498 0.820000 0.027888 0.050000
1 0.249004 0.800000 0.035857 0.050000
1 0.392430 0.767500 0.043825 0.055000
1 0.356574 0.777500 0.035857 0.045000
1 0.328685 0.787500 0.035857 0.055000
1 0.183267 0.810000 0.031873 0.050000
1 0.219124 0.810000 0.039841 0.050000
1 0.498008 0.747500 0.031873 0.045000
1 0.527888 0.747500 0.027888 0.055000
1 0.557769 0.740000 0.031873 0.050000
1 0.589641 0.732500 0.039841 0.055000
1 0.625498 0.732500 0.031873 0.045000
1 0.980080 0.940000 0.039841 0.050000
1 0.972112 0.977500 0.047809 0.045000
1 0.808765 0.672500 0.055777 0.065000
1 0.061753 0.265000 0.059761 0.070000
1 0.434263 0.757500 0.047809 0.065000
1 0.649402 0.290000 0.047809 0.070000
