1 0.090000 0.235023 0.033333 0.036866
1 0.081667 0.260369 0.036667 0.041475
1 0.078333 0.338710 0.036667 0.032258
1 0.088333 0.368664 0.036667 0.027650
1 0.098333 0.396313 0.030000 0.046083
1 0.123333 0.423963 0.033333 0.046083
1 0.148333 0.437788 0.023333 0.046083
1 0.168333 0.447005 0.023333 0.046083
1 0.193333 0.453917 0.033333 0.050691
1 0.223333 0.440092 0.033333 0.041475
1 0.245000 0.423963 0.023333 0.046083
1 0.260000 0.410138 0.026667 0.046083
1 0.273333 0.387097 0.026667 0.046083
1 0.285000 0.359447 0.016667 0.036866
1 0.296667 0.336406 0.033333 0.055300
1 0.300000 0.285714 0.033333 0.055300
1 0.201667 0.258065 0.036667 0.055300
1 0.200000 0.221198 0.033333 0.046083
1 0.175000 0.172811 0.030000 0.041475
1 0.770000 0.177419 0.040000 0.050691
1 0.778333 0.214286 0.036667 0.041475
1 0.781667 0.255760 0.043333 0.041475
1 0.773333 0.294931 0.040000 0.055300
1 0.756667 0.338710 0.033333 0.059908
1 0.730000 0.370968 0.026667 0.050691
1 0.708333 0.387097 0.023333 0.046083
1 0.683333 0.400922 0.020000 0.046083
1 0.665000 0.407834 0.016667 0.050691
1 0.646667 0.410138 0.020000 0.046083
1 0.595000 0.398618 0.030000 0.059908
1 0.535000 0.368664 0.030000 0.046083
1 0.573333 0.138249 0.026667 0.046083
1 0.503333 0.334101 0.033333 0.050691
1 0.471667 0.205069 0.036667 0.041475
1 0.470000 0.246544 0.040000 0.032258
1 0.471667 0.290323 0.030000 0.046083
1 0.483333 0.175115 0.026667 0.046083
1 0.506667 0.152074 0.033333 0.046083
1 0.546667 0.129032 0.033333 0.055300
1 0.601667 0.161290 0.036667 0.055300
1 0.628333 0.188940 0.030000 0.036866
1 0.636667 0.216590 0.033333 0.036866
1 0.648333 0.285714 0.036667 0.036866
1 0.645000 0.324885 0.043333 0.050691
1 0.635000 0.361751 0.043333 0.041475
1 0.631667 0.456221 0.043333 0.036866
1 0.625000 0.490783 0.036667 0.041475
1 0.613333 0.532258 0.040000 0.050691
1 0.595000 0.555300 0.030000 0.041475
1 0.575000 0.578341 0.030000 0.041475
1 0.545000 0.592166 0.023333 0.050691
1 0.516667 0.592166 0.033333 0.059908
1 0.491667 0.587558 0.036667 0.059908
1 0.403333 0.559908 0.020000 0.050691
1 0.388333 0.564516 0.016667 0.041475
1 0.370000 0.587558 0.026667 0.041475
1 0.356667 0.603687 0.026667 0.036866
1 0.343333 0.633641 0.033333 0.041475
1 0.333333 0.675115 0.040000 0.032258
1 0.335000 0.716590 0.030000 0.032258
1 0.346667 0.767281 0.026667 0.050691
1 0.366667 0.797235 0.040000 0.046083
1 0.391667 0.817972 0.030000 0.050691
1 0.456667 0.827189 0.040000 0.050691
1 0.423333 0.834101 0.033333 0.046083
1 0.645000 0.248848 0.043333 0.036866
1 0.075000 0.315668 0.036667 0.041475
1 0.431667 0.559908 0.043333 0.059908
