1 0.342105 0.033937 0.061404 0.058824
1 0.364035 0.056561 0.070175 0.049774
1 0.383772 0.092760 0.057018 0.049774
1 0.153509 0.160633 0.061404 0.049774
1 0.171053 0.187783 0.043860 0.040724
1 0.186404 0.203620 0.048246 0.027149
1 0.236842 0.262443 0.061404 0.045249
1 0.616228 0.434389 0.057018 0.054299
1 0.809211 0.730769 0.057018 0.049774
1 0.875000 0.846154 0.048246 0.045249
1 0.456140 0.194570 0.043860 0.045249
1 0.473684 0.219457 0.052632 0.031674
1 0.521930 0.298643 0.052632 0.036199
1 0.548246 0.325792 0.052632 0.045249
1 0.287281 0.325792 0.065789 0.054299
1 0.339912 0.404977 0.057018 0.049774
1 0.381579 0.459276 0.061404 0.049774
1 0.405702 0.486425 0.048246 0.049774
1 0.425439 0.522624 0.061404 0.058824
1 0.471491 0.576923 0.057018 0.058824
1 0.500000 0.617647 0.052632 0.049774
1 0.537281 0.665158 0.057018 0.063348
1 0.559211 0.701357 0.057018 0.054299
1 0.625000 0.782805 0.074561 0.054299
1 0.642544 0.814480 0.065789 0.045249
1 0.666667 0.846154 0.061404 0.054299
1 0.844298 0.780543 0.057018 0.058824
1 0.780702 0.694570 0.061404 0.040724
1 0.743421 0.626697 0.065789 0.049774
1 0.688596 0.547511 0.061404 0.054299
1 0.708333 0.579186 0.057018 0.045249
1 0.313596 0.361991 0.074561 0.072398
1 0.662281 0.504525 0.070175 0.067873
1 0.429825 0.156109 0.078947 0.085973
1 0.688596 0.880090 0.052632 0.058824
1 0.710526 0.911765 0.052632 0.058824
1 0.592105 0.402715 0.061404 0.063348
1 0.399123 0.113122 0.061404 0.054299
1 0.629386 0.459276 0.065789 0.058824
1 0.359649 0.429864 0.061404 0.054299
1 0.853070 0.812217 0.065789 0.049774
1 0.888158 0.861991 0.065789 0.049774
1 0.918860 0.914027 0.057018 0.054299
1 0.728070 0.601810 0.061404 0.054299
