1 0.020000 0.119792 0.026667 0.031250
1 0.026667 0.145833 0.020000 0.031250
1 0.036667 0.182292 0.020000 0.031250
1 0.050000 0.236979 0.026667 0.036458
1 0.095000 0.033854 0.023333 0.026042
1 0.096667 0.065104 0.020000 0.026042
1 0.098333 0.104167 0.023333 0.031250
1 0.095000 0.130208 0.016667 0.031250
1 0.088333 0.179688 0.016667 0.046875
1 0.153333 0.130208 0.026667 0.031250
1 0.156667 0.171875 0.026667 0.041667
1 0.176667 0.088542 0.020000 0.031250
1 0.196667 0.093750 0.020000 0.041667
1 0.216667 0.091146 0.020000 0.046875
1 0.240000 0.101562 0.020000 0.036458
1 0.258333 0.093750 0.016667 0.041667
1 0.161667 0.208333 0.030000 0.031250
1 0.160000 0.252604 0.020000 0.046875
1 0.161667 0.302083 0.030000 0.041667
1 0.163333 0.346354 0.026667 0.036458
1 0.170000 0.388021 0.026667 0.046875
1 0.176667 0.429688 0.026667 0.046875
1 0.085000 0.380208 0.023333 0.031250
1 0.091667 0.419271 0.023333 0.046875
1 0.098333 0.445312 0.016667 0.026042
1 0.123333 0.500000 0.026667 0.041667
1 0.143333 0.442708 0.026667 0.041667
1 0.183333 0.481771 0.020000 0.036458
1 0.166667 0.505208 0.020000 0.031250
1 0.283333 0.286458 0.020000 0.041667
1 0.270000 0.317708 0.026667 0.031250
1 0.256667 0.343750 0.026667 0.031250
1 0.246667 0.364583 0.020000 0.031250
1 0.236667 0.393229 0.026667 0.036458
1 0.221667 0.416667 0.030000 0.041667
1 0.205000 0.445312 0.023333 0.036458
1 0.201667 0.268229 0.023333 0.036458
1 0.221667 0.265625 0.016667 0.041667
1 0.240000 0.263021 0.020000 0.046875
1 0.316667 0.182292 0.026667 0.031250
1 0.315000 0.221354 0.023333 0.036458
1 0.313333 0.255208 0.020000 0.031250
1 0.313333 0.294271 0.020000 0.036458
1 0.311667 0.330729 0.023333 0.036458
1 0.311667 0.367188 0.030000 0.036458
1 0.300000 0.486979 0.026667 0.036458
1 0.291667 0.526042 0.023333 0.031250
1 0.286667 0.559896 0.020000 0.036458
1 0.156667 0.635417 0.020000 0.031250
1 0.148333 0.700521 0.023333 0.046875
1 0.320000 0.552083 0.026667 0.031250
1 0.218333 0.791667 0.023333 0.041667
1 0.231667 0.760417 0.023333 0.031250
1 0.205000 0.828125 0.023333 0.031250
1 0.163333 0.786458 0.020000 0.041667
1 0.075000 0.734375 0.030000 0.041667
1 0.055000 0.460938 0.023333 0.046875
1 0.041667 0.505208 0.023333 0.041667
1 0.035000 0.539062 0.023333 0.036458
1 0.026667 0.570312 0.026667 0.046875
1 0.015000 0.585938 0.023333 0.036458
1 0.440000 0.041667 0.033333 0.041667
1 0.435000 0.088542 0.023333 0.041667
1 0.351667 0.223958 0.016667 0.031250
1 0.366667 0.257812 0.020000 0.036458
1 0.373333 0.291667 0.020000 0.031250
1 0.380000 0.322917 0.020000 0.020833
1 0.388333 0.356771 0.023333 0.036458
1 0.410000 0.481771 0.020000 0.026042
1 0.408333 0.513021 0.023333 0.026042
1 0.408333 0.541667 0.016667 0.020833
1 0.435000 0.585938 0.016667 0.046875
1 0.448333 0.606771 0.016667 0.026042
1 0.488333 0.671875 0.023333 0.041667
1 0.506667 0.705729 0.020000 0.036458
1 0.380000 0.716146 0.026667 0.046875
1 0.373333 0.752604 0.020000 0.026042
1 0.373333 0.781250 0.026667 0.031250
1 0.368333 0.812500 0.023333 0.031250
1 0.368333 0.838542 0.023333 0.020833
1 0.386667 0.651042 0.020000 0.031250
1 0.425000 0.656250 0.023333 0.031250
1 0.423333 0.695312 0.020000 0.036458
1 0.525000 0.031250 0.023333 0.052083
1 0.550000 0.054688 0.020000 0.046875
1 0.561667 0.085938 0.016667 0.036458
1 0.623333 0.156250 0.026667 0.041667
1 0.655000 0.184896 0.023333 0.046875
1 0.590000 0.263021 0.026667 0.046875
1 0.591667 0.302083 0.030000 0.041667
1 0.591667 0.372396 0.023333 0.046875
1 0.600000 0.606771 0.020000 0.036458
1 0.593333 0.638021 0.020000 0.036458
1 0.586667 0.661458 0.020000 0.031250
1 0.580000 0.695312 0.020000 0.026042
1 0.518333 0.734375 0.016667 0.041667
1 0.670000 0.270833 0.020000 0.041667
1 0.685000 0.289062 0.016667 0.046875
1 0.703333 0.299479 0.020000 0.036458
1 0.680000 0.200521 0.026667 0.046875
1 0.886667 0.273438 0.020000 0.036458
1 0.895000 0.309896 0.030000 0.036458
1 0.905000 0.343750 0.030000 0.041667
1 0.918333 0.393229 0.023333 0.046875
1 0.918333 0.450521 0.030000 0.046875
1 0.915000 0.486979 0.030000 0.036458
1 0.750000 0.252604 0.033333 0.046875
1 0.978333 0.054688 0.023333 0.036458
