1 0.535088 0.195175 0.035088 0.030702
1 0.535088 0.236842 0.026316 0.035088
1 0.526316 0.346491 0.035088 0.035088
1 0.675439 0.361842 0.035088 0.030702
1 0.607456 0.583333 0.030702 0.017544
1 0.598684 0.603070 0.021930 0.021930
1 0.578947 0.625000 0.026316 0.030702
1 0.469298 0.493421 0.026316 0.030702
1 0.471491 0.521930 0.030702 0.026316
1 0.480263 0.548246 0.030702 0.035088
1 0.491228 0.581140 0.026316 0.030702
1 0.482456 0.614035 0.035088 0.035088
1 0.230263 0.434211 0.030702 0.035088
1 0.232456 0.467105 0.035088 0.030702
1 0.232456 0.493421 0.026316 0.030702
1 0.225877 0.519737 0.030702 0.030702
1 0.085526 0.442982 0.030702 0.026316
1 0.059211 0.458333 0.030702 0.021930
1 0.017544 0.482456 0.026316 0.043860
1 0.168860 0.401316 0.030702 0.030702
1 0.157895 0.429825 0.035088 0.026316
1 0.346491 0.232456 0.026316 0.026316
1 0.328947 0.254386 0.026316 0.026316
1 0.394737 0.186404 0.026316 0.030702
1 0.377193 0.206140 0.026316 0.026316
1 0.190789 0.532895 0.030702 0.039474
1 0.131579 0.631579 0.026316 0.026316
1 0.144737 0.594298 0.026316 0.030702
1 0.146930 0.565789 0.030702 0.026316
1 0.214912 0.585526 0.026316 0.030702
1 0.118421 0.719298 0.035088 0.026316
1 0.092105 0.741228 0.026316 0.035088
1 0.155702 0.697368 0.039474 0.026316
1 0.541667 0.517544 0.030702 0.026316
1 0.526316 0.550439 0.035088 0.030702
1 0.524123 0.600877 0.030702 0.026316
1 0.515351 0.644737 0.030702 0.026316
1 0.372807 0.313596 0.026316 0.030702
1 0.394737 0.313596 0.026316 0.030702
1 0.418860 0.313596 0.021930 0.030702
1 0.186404 0.372807 0.030702 0.035088
1 0.293860 0.739035 0.026316 0.030702
1 0.269737 0.734649 0.021930 0.021930
1 0.247807 0.741228 0.021930 0.026316
1 0.225877 0.743421 0.030702 0.030702
1 0.199561 0.745614 0.030702 0.026316
1 0.175439 0.750000 0.026316 0.026316
1 0.151316 0.760965 0.021930 0.030702
1 0.618421 0.557018 0.026316 0.035088
1 0.265351 0.807018 0.030702 0.026316
1 0.291667 0.802632 0.030702 0.026316
1 0.375000 0.848684 0.039474 0.030702
1 0.396930 0.835526 0.030702 0.030702
1 0.421053 0.822368 0.035088 0.021930
1 0.471491 0.778509 0.030702 0.030702
1 0.502193 0.767544 0.030702 0.035088
1 0.535088 0.754386 0.035088 0.026316
1 0.565789 0.732456 0.035088 0.035088
1 0.510965 0.837719 0.021930 0.026316
1 0.528509 0.824561 0.030702 0.026316
1 0.537281 0.804825 0.030702 0.030702
1 0.585526 0.765351 0.039474 0.030702
1 0.956140 0.493421 0.035088 0.039474
1 0.929825 0.513158 0.026316 0.026316
1 0.910088 0.532895 0.021930 0.030702
1 0.894737 0.559211 0.035088 0.030702
1 0.875000 0.581140 0.030702 0.030702
1 0.855263 0.600877 0.035088 0.026316
1 0.833333 0.625000 0.035088 0.030702
1 0.962719 0.563596 0.030702 0.039474
1 0.945175 0.592105 0.030702 0.035088
1 0.813596 0.541667 0.039474 0.030702
1 0.796053 0.567982 0.030702 0.030702
1 0.769737 0.600877 0.030702 0.026316
1 0.649123 0.682018 0.035088 0.021930
1 0.616228 0.517544 0.030702 0.035088
1 0.864035 0.368421 0.026316 0.035088
1 0.885965 0.370614 0.026316 0.030702
1 0.907895 0.375000 0.026316 0.039474
1 0.927632 0.383772 0.021930 0.030702
1 0.800439 0.649123 0.039474 0.026316
1 0.756579 0.675439 0.030702 0.026316
1 0.850877 0.675439 0.026316 0.035088
1 0.642544 0.157895 0.039474 0.026316
1 0.653509 0.177632 0.026316 0.030702
1 0.671053 0.197368 0.035088 0.026316
1 0.493421 0.175439 0.030702 0.035088
1 0.304825 0.195175 0.030702 0.030702
1 0.870614 0.317982 0.030702 0.030702
1 0.673246 0.381579 0.039474 0.035088
1 0.668860 0.405702 0.039474 0.030702
1 0.039474 0.475877 0.035088 0.039474
