1 0.188333 0.033175 0.030000 0.056872
1 0.191667 0.085308 0.036667 0.047393
1 0.190000 0.132701 0.020000 0.037915
1 0.216667 0.023697 0.026667 0.037915
1 0.238333 0.054502 0.030000 0.042654
1 0.281667 0.104265 0.023333 0.047393
1 0.416667 0.175355 0.026667 0.037915
1 0.400000 0.203791 0.020000 0.037915
1 0.308333 0.137441 0.023333 0.037915
1 0.333333 0.210900 0.026667 0.033175
1 0.378333 0.260664 0.023333 0.037915
1 0.370000 0.296209 0.026667 0.042654
1 0.338333 0.407583 0.030000 0.056872
1 0.348333 0.450237 0.023333 0.037915
1 0.360000 0.500000 0.026667 0.023697
1 0.366667 0.528436 0.040000 0.033175
1 0.373333 0.563981 0.033333 0.037915
1 0.370000 0.606635 0.026667 0.047393
1 0.370000 0.649289 0.026667 0.047393
1 0.371667 0.696682 0.036667 0.047393
1 0.375000 0.734597 0.036667 0.037915
1 0.371667 0.772512 0.023333 0.047393
1 0.365000 0.815166 0.023333 0.037915
1 0.298333 0.400474 0.030000 0.052133
1 0.278333 0.428910 0.030000 0.042654
1 0.251667 0.459716 0.030000 0.037915
1 0.223333 0.495261 0.033333 0.033175
1 0.205000 0.528436 0.030000 0.042654
1 0.271667 0.353081 0.030000 0.042654
1 0.241667 0.386256 0.030000 0.033175
1 0.193333 0.393365 0.026667 0.047393
1 0.180000 0.440758 0.026667 0.047393
1 0.163333 0.696682 0.026667 0.047393
1 0.171667 0.736967 0.030000 0.033175
1 0.180000 0.791469 0.020000 0.028436
1 0.200000 0.843602 0.026667 0.037915
1 0.115000 0.649289 0.030000 0.037915
1 0.095000 0.680095 0.030000 0.042654
1 0.125000 0.729858 0.023333 0.037915
1 0.038333 0.767773 0.023333 0.028436
1 0.056667 0.736967 0.020000 0.042654
1 0.436667 0.255924 0.026667 0.037915
1 0.505000 0.303318 0.030000 0.047393
1 0.528333 0.329384 0.016667 0.033175
1 0.545000 0.334123 0.016667 0.033175
1 0.598333 0.374408 0.023333 0.028436
1 0.531667 0.087678 0.023333 0.033175
1 0.543333 0.151659 0.026667 0.047393
1 0.546667 0.201422 0.026667 0.052133
1 0.556667 0.251185 0.033333 0.056872
1 0.605000 0.075829 0.030000 0.047393
1 0.630000 0.113744 0.033333 0.037915
1 0.660000 0.127962 0.026667 0.047393
1 0.640000 0.047393 0.020000 0.037915
1 0.660000 0.063981 0.020000 0.033175
1 0.731667 0.135071 0.023333 0.042654
1 0.748333 0.149289 0.023333 0.033175
1 0.721667 0.208531 0.023333 0.037915
1 0.731667 0.248815 0.023333 0.042654
1 0.736667 0.291469 0.026667 0.033175
1 0.768333 0.222749 0.023333 0.037915
1 0.745000 0.324645 0.023333 0.033175
1 0.661667 0.521327 0.036667 0.047393
1 0.636667 0.552133 0.020000 0.042654
1 0.683333 0.488152 0.026667 0.047393
1 0.580000 0.623223 0.026667 0.052133
1 0.555000 0.658768 0.030000 0.037915
1 0.533333 0.682464 0.026667 0.037915
1 0.511667 0.703791 0.023333 0.042654
1 0.485000 0.732227 0.030000 0.042654
1 0.715000 0.594787 0.023333 0.033175
1 0.701667 0.618483 0.030000 0.042654
1 0.683333 0.654028 0.026667 0.037915
1 0.665000 0.677725 0.030000 0.037915
1 0.646667 0.701422 0.026667 0.037915
1 0.631667 0.736967 0.030000 0.033175
1 0.620000 0.770142 0.020000 0.042654
1 0.970000 0.383886 0.033333 0.047393
1 0.945000 0.414692 0.030000 0.042654
1 0.918333 0.443128 0.030000 0.042654
1 0.871667 0.559242 0.023333 0.047393
1 0.883333 0.620853 0.020000 0.037915
1 0.893333 0.651659 0.020000 0.033175
1 0.928333 0.706161 0.023333 0.037915
1 0.438333 0.796209 0.023333 0.037915
1 0.573333 0.293839 0.020000 0.037915
1 0.595000 0.324645 0.030000 0.042654
1 0.831667 0.232227 0.030000 0.037915
1 0.466667 0.281991 0.020000 0.033175
1 0.486667 0.291469 0.020000 0.033175
1 0.793333 0.206161 0.026667 0.033175
1 0.706667 0.798578 0.026667 0.033175
