1 0.335000 0.206642 0.043333 0.029520
1 0.333333 0.238007 0.026667 0.033210
1 0.338333 0.274908 0.043333 0.033210
1 0.353333 0.302583 0.026667 0.036900
1 0.370000 0.324723 0.033333 0.036900
1 0.395000 0.343173 0.030000 0.044280
1 0.431667 0.357934 0.036667 0.044280
1 0.460000 0.359779 0.026667 0.040590
1 0.486667 0.348708 0.033333 0.040590
1 0.550000 0.282288 0.033333 0.040590
1 0.568333 0.254613 0.036667 0.036900
1 0.586667 0.230627 0.033333 0.040590
1 0.600000 0.195572 0.033333 0.036900
1 0.610000 0.169742 0.040000 0.044280
1 0.613333 0.138376 0.040000 0.033210
1 0.605000 0.107011 0.036667 0.029520
1 0.590000 0.075646 0.033333 0.033210
1 0.550000 0.051661 0.026667 0.036900
1 0.520000 0.049815 0.033333 0.033210
1 0.490000 0.062731 0.033333 0.044280
1 0.473333 0.081181 0.033333 0.036900
1 0.460000 0.101476 0.033333 0.033210
1 0.465000 0.204797 0.043333 0.040590
1 0.473333 0.239852 0.040000 0.036900
1 0.483333 0.263838 0.033333 0.033210
1 0.490000 0.282288 0.026667 0.033210
1 0.531667 0.333948 0.036667 0.040590
1 0.555000 0.350554 0.030000 0.036900
1 0.580000 0.363469 0.020000 0.033210
1 0.598333 0.378229 0.016667 0.040590
1 0.620000 0.387454 0.013333 0.044280
1 0.681667 0.398524 0.016667 0.044280
1 0.710000 0.394834 0.020000 0.044280
1 0.740000 0.383764 0.040000 0.044280
1 0.770000 0.372694 0.033333 0.044280
1 0.791667 0.365314 0.023333 0.036900
1 0.810000 0.346863 0.026667 0.036900
1 0.823333 0.328413 0.033333 0.036900
1 0.831667 0.295203 0.036667 0.036900
1 0.835000 0.267528 0.036667 0.033210
1 0.830000 0.243542 0.033333 0.036900
1 0.813333 0.217712 0.033333 0.036900
1 0.791667 0.197417 0.023333 0.040590
1 0.768333 0.190037 0.023333 0.033210
1 0.740000 0.191882 0.020000 0.036900
1 0.721667 0.199262 0.023333 0.029520
1 0.710000 0.217712 0.040000 0.029520
1 0.690000 0.245387 0.033333 0.033210
1 0.685000 0.269373 0.043333 0.022140
1 0.671667 0.297048 0.050000 0.033210
1 0.663333 0.332103 0.040000 0.036900
1 0.651667 0.367159 0.043333 0.033210
1 0.646667 0.439114 0.040000 0.029520
1 0.651667 0.463100 0.036667 0.033210
1 0.656667 0.535055 0.046667 0.044280
1 0.643333 0.571956 0.046667 0.044280
1 0.621667 0.601476 0.030000 0.044280
1 0.600000 0.610701 0.020000 0.040590
1 0.581667 0.625461 0.030000 0.040590
1 0.560000 0.618081 0.026667 0.033210
1 0.535000 0.621771 0.030000 0.040590
1 0.506667 0.625461 0.026667 0.033210
1 0.453333 0.618081 0.026667 0.033210
1 0.420000 0.610701 0.020000 0.033210
1 0.388333 0.597786 0.023333 0.036900
1 0.361667 0.588561 0.023333 0.033210
1 0.338333 0.571956 0.030000 0.036900
1 0.323333 0.546125 0.033333 0.029520
1 0.315000 0.520295 0.050000 0.036900
1 0.316667 0.487085 0.040000 0.036900
1 0.331667 0.464945 0.030000 0.036900
1 0.350000 0.440959 0.033333 0.047970
1 0.378333 0.429889 0.030000 0.040590
1 0.411667 0.431734 0.036667 0.044280
1 0.435000 0.452030 0.036667 0.040590
1 0.456667 0.474170 0.040000 0.040590
1 0.473333 0.500000 0.040000 0.033210
1 0.486667 0.536900 0.053333 0.040590
1 0.491667 0.575646 0.043333 0.044280
1 0.470000 0.704797 0.033333 0.036900
1 0.453333 0.723247 0.026667 0.029520
1 0.413333 0.741697 0.033333 0.036900
1 0.390000 0.743542 0.020000 0.033210
1 0.370000 0.745387 0.026667 0.036900
1 0.303333 0.695572 0.033333 0.040590
1 0.265000 0.645756 0.030000 0.044280
1 0.241667 0.630996 0.030000 0.036900
1 0.221667 0.623616 0.023333 0.044280
1 0.196667 0.625461 0.033333 0.040590
1 0.170000 0.630996 0.026667 0.036900
1 0.150000 0.642066 0.026667 0.036900
1 0.103333 0.695572 0.033333 0.047970
1 0.116667 0.673432 0.033333 0.033210
1 0.096667 0.726937 0.033333 0.022140
1 0.095000 0.760148 0.043333 0.036900
1 0.096667 0.800738 0.046667 0.036900
1 0.125000 0.846863 0.030000 0.033210
1 0.150000 0.869004 0.040000 0.040590
1 0.456667 0.132841 0.046667 0.036900
1 0.486667 0.671587 0.053333 0.044280
