1 0.370000 0.063584 0.020000 0.034682
1 0.290000 0.118497 0.026667 0.040462
1 0.278333 0.147399 0.023333 0.040462
1 0.041667 0.248555 0.030000 0.023121
1 0.116667 0.248555 0.026667 0.046243
1 0.093333 0.280347 0.033333 0.040462
1 0.075000 0.315029 0.023333 0.040462
1 0.066667 0.346821 0.026667 0.034682
1 0.053333 0.378613 0.026667 0.040462
1 0.038333 0.404624 0.023333 0.034682
1 0.015000 0.676301 0.023333 0.046243
1 0.056667 0.612717 0.020000 0.046243
1 0.020000 0.722543 0.020000 0.046243
1 0.041667 0.699422 0.016667 0.034682
1 0.056667 0.673410 0.020000 0.040462
1 0.076667 0.653179 0.026667 0.046243
1 0.096667 0.635838 0.026667 0.034682
1 0.121667 0.618497 0.030000 0.046243
1 0.375000 0.540462 0.023333 0.028902
1 0.350000 0.546243 0.020000 0.040462
1 0.266667 0.254335 0.026667 0.034682
1 0.266667 0.289017 0.026667 0.034682
1 0.273333 0.320809 0.020000 0.040462
1 0.271667 0.358382 0.023333 0.034682
1 0.313333 0.517341 0.020000 0.040462
1 0.280000 0.419075 0.013333 0.040462
1 0.295000 0.450867 0.016667 0.034682
1 0.336667 0.604046 0.020000 0.052023
1 0.358333 0.589595 0.023333 0.046243
1 0.386667 0.595376 0.033333 0.046243
1 0.415000 0.601156 0.030000 0.046243
1 0.443333 0.598266 0.026667 0.052023
1 0.473333 0.586705 0.033333 0.052023
1 0.496667 0.563584 0.020000 0.052023
1 0.518333 0.531792 0.030000 0.046243
1 0.540000 0.488439 0.020000 0.052023
1 0.561667 0.531792 0.023333 0.034682
1 0.546667 0.566474 0.020000 0.034682
1 0.531667 0.598266 0.023333 0.040462
1 0.513333 0.627168 0.026667 0.040462
1 0.491667 0.661850 0.023333 0.052023
1 0.471667 0.687861 0.023333 0.046243
1 0.496667 0.199422 0.026667 0.052023
1 0.606667 0.393064 0.026667 0.046243
1 0.620000 0.439306 0.020000 0.046243
1 0.640000 0.485549 0.020000 0.046243
1 0.661667 0.514451 0.023333 0.057803
1 0.688333 0.549133 0.030000 0.057803
1 0.790000 0.583815 0.026667 0.034682
1 0.816667 0.575145 0.026667 0.040462
1 0.523333 0.156069 0.020000 0.034682
1 0.550000 0.170520 0.020000 0.040462
1 0.575000 0.182081 0.023333 0.040462
1 0.600000 0.196532 0.026667 0.046243
1 0.630000 0.216763 0.026667 0.052023
1 0.338333 0.205202 0.023333 0.040462
1 0.361667 0.202312 0.023333 0.034682
1 0.385000 0.213873 0.023333 0.046243
1 0.951667 0.263006 0.023333 0.040462
1 0.926667 0.263006 0.026667 0.040462
1 0.820000 0.202312 0.026667 0.046243
1 0.791667 0.187861 0.023333 0.040462
1 0.768333 0.184971 0.023333 0.034682
1 0.741667 0.199422 0.023333 0.040462
1 0.721667 0.219653 0.030000 0.046243
1 0.681667 0.306358 0.016667 0.034682
1 0.710000 0.427746 0.020000 0.034682
1 0.770000 0.488439 0.026667 0.052023
1 0.793333 0.488439 0.020000 0.052023
1 0.813333 0.479769 0.026667 0.034682
1 0.838333 0.465318 0.030000 0.052023
1 0.890000 0.589595 0.033333 0.057803
1 0.861667 0.615607 0.030000 0.040462
1 0.838333 0.624277 0.023333 0.034682
1 0.813333 0.627168 0.026667 0.040462
1 0.783333 0.627168 0.033333 0.052023
1 0.751667 0.615607 0.023333 0.040462
1 0.423333 0.176301 0.026667 0.052023
1 0.706667 0.153179 0.026667 0.040462
1 0.858333 0.023121 0.030000 0.034682
1 0.901667 0.121387 0.023333 0.046243
1 0.935000 0.083815 0.010000 0.040462
1 0.946667 0.080925 0.020000 0.034682
1 0.973333 0.069364 0.033333 0.046243
1 0.638333 0.147399 0.023333 0.040462
1 0.961667 0.144509 0.023333 0.046243
1 0.658333 0.364162 0.030000 0.046243
1 0.710000 0.349711 0.026667 0.040462
1 0.760000 0.338150 0.026667 0.040462
1 0.906667 0.384393 0.020000 0.052023
1 0.926667 0.421965 0.020000 0.046243
1 0.785000 0.338150 0.023333 0.040462
1 0.865000 0.430636 0.023333 0.040462
1 0.936667 0.158960 0.026667 0.028902
1 0.538333 0.263006 0.023333 0.052023
1 0.116667 0.546243 0.033333 0.052023
1 0.155000 0.101156 0.030000 0.052023
1 0.295000 0.066474 0.030000 0.052023
