1 0.201754 0.186404 0.035088 0.039474
1 0.293860 0.140351 0.043860 0.043860
1 0.313596 0.166667 0.030702 0.035088
1 0.223684 0.155702 0.035088 0.039474
1 0.223684 0.228070 0.035088 0.043860
1 0.383772 0.267544 0.039474 0.043860
1 0.414474 0.315789 0.039474 0.035088
1 0.449561 0.361842 0.030702 0.039474
1 0.515351 0.451754 0.039474 0.035088
1 0.532895 0.473684 0.039474 0.035088
1 0.607456 0.578947 0.039474 0.043860
1 0.567982 0.521930 0.039474 0.043860
1 0.640351 0.629386 0.035088 0.039474
1 0.317982 0.243421 0.039474 0.048246
