1 0.471311 0.256039 0.032787 0.038647
1 0.516393 0.248792 0.049180 0.043478
1 0.438525 0.270531 0.040984 0.038647
1 0.622951 0.243961 0.032787 0.043478
1 0.657787 0.246377 0.036885 0.048309
1 0.696721 0.248792 0.040984 0.043478
1 0.733607 0.263285 0.032787 0.043478
1 0.766393 0.270531 0.032787 0.048309
1 0.801230 0.280193 0.036885 0.048309
1 0.401639 0.285024 0.040984 0.038647
1 0.256148 0.480676 0.028689 0.033816
1 0.245902 0.512077 0.032787 0.028986
1 0.233607 0.536232 0.032787 0.028986
1 0.223361 0.572464 0.036885 0.033816
1 0.213115 0.603865 0.032787 0.038647
1 0.200820 0.630435 0.040984 0.033816
1 0.184426 0.664251 0.040984 0.033816
1 0.180328 0.695652 0.032787 0.038647
1 0.170082 0.731884 0.036885 0.033816
1 0.155738 0.768116 0.032787 0.038647
1 0.147541 0.809179 0.040984 0.043478
1 0.143443 0.847826 0.032787 0.043478
1 0.731557 0.340580 0.045082 0.053140
1 0.805328 0.371981 0.036885 0.048309
1 0.852459 0.403382 0.049180 0.062802
1 0.856557 0.309179 0.065574 0.057971
