1 0.443775 0.256158 0.068273 0.088670
1 0.377510 0.347291 0.080321 0.083744
1 0.305221 0.428571 0.072289 0.078818
1 0.232932 0.512315 0.064257 0.088670
1 0.128514 0.573892 0.072289 0.113300
1 0.186747 0.559113 0.060241 0.103448
1 0.413655 0.310345 0.064257 0.078818
1 0.337349 0.389163 0.064257 0.088670
1 0.453815 0.546798 0.064257 0.088670
1 0.421687 0.576355 0.072289 0.098522
1 0.379518 0.623153 0.076305 0.093596
1 0.341365 0.657635 0.064257 0.083744
1 0.303213 0.699507 0.076305 0.088670
1 0.267068 0.731527 0.068273 0.093596
1 0.206827 0.758621 0.076305 0.098522
1 0.156627 0.775862 0.064257 0.103448
1 0.628514 0.096059 0.068273 0.093596
1 0.648594 0.167488 0.076305 0.078818
1 0.674699 0.224138 0.088353 0.073892
1 0.684739 0.275862 0.084337 0.078818
1 0.698795 0.344828 0.088353 0.068966
1 0.698795 0.391626 0.080321 0.054187
1 0.704819 0.445813 0.084337 0.064039
1 0.712851 0.504926 0.092369 0.064039
1 0.718876 0.559113 0.088353 0.054187
1 0.726908 0.603448 0.080321 0.054187
1 0.740964 0.660099 0.084337 0.078818
1 0.744980 0.692118 0.084337 0.073892
1 0.763052 0.761084 0.088353 0.054187
1 0.771084 0.805419 0.080321 0.054187
1 0.779116 0.857143 0.080321 0.049261
1 0.785141 0.918719 0.084337 0.083744
1 0.267068 0.477833 0.068273 0.088670
1 0.471888 0.214286 0.068273 0.093596
