1 0.166667 0.020833 0.026667 0.031250
1 0.171667 0.046875 0.023333 0.031250
1 0.175000 0.085938 0.030000 0.036458
1 0.376667 0.026042 0.026667 0.041667
1 0.366667 0.054688 0.020000 0.036458
1 0.355000 0.080729 0.023333 0.036458
1 0.351667 0.111979 0.023333 0.026042
1 0.346667 0.132812 0.020000 0.036458
1 0.338333 0.169271 0.023333 0.026042
1 0.333333 0.203125 0.026667 0.031250
1 0.468333 0.023438 0.030000 0.036458
1 0.643333 0.023438 0.020000 0.036458
1 0.640000 0.054688 0.020000 0.026042
1 0.435000 0.135417 0.023333 0.031250
1 0.425000 0.156250 0.023333 0.020833
1 0.185000 0.132812 0.023333 0.036458
1 0.193333 0.192708 0.026667 0.031250
1 0.203333 0.223958 0.026667 0.031250
1 0.251667 0.304688 0.030000 0.036458
1 0.211667 0.278646 0.023333 0.026042
1 0.035000 0.210938 0.023333 0.026042
1 0.040000 0.244792 0.026667 0.041667
1 0.038333 0.278646 0.023333 0.036458
1 0.036667 0.312500 0.020000 0.041667
1 0.218333 0.361979 0.016667 0.026042
1 0.206667 0.382812 0.020000 0.026042
1 0.193333 0.395833 0.020000 0.020833
1 0.180000 0.414062 0.020000 0.026042
1 0.160000 0.429688 0.026667 0.036458
1 0.413333 0.205729 0.026667 0.036458
1 0.406667 0.242188 0.026667 0.036458
1 0.400000 0.278646 0.026667 0.036458
1 0.395000 0.315104 0.030000 0.036458
1 0.383333 0.343750 0.026667 0.031250
1 0.371667 0.380208 0.030000 0.041667
1 0.360000 0.406250 0.033333 0.041667
1 0.238333 0.398438 0.023333 0.036458
1 0.245000 0.424479 0.023333 0.036458
1 0.246667 0.453125 0.026667 0.031250
1 0.248333 0.481771 0.023333 0.026042
1 0.321667 0.479167 0.030000 0.041667
1 0.266667 0.536458 0.020000 0.031250
1 0.521667 0.223958 0.023333 0.031250
1 0.541667 0.229167 0.016667 0.031250
1 0.555000 0.223958 0.016667 0.031250
1 0.568333 0.221354 0.016667 0.026042
1 0.788333 0.187500 0.023333 0.041667
1 0.768333 0.187500 0.023333 0.031250
1 0.745000 0.192708 0.023333 0.031250
1 0.578333 0.283854 0.023333 0.036458
1 0.598333 0.265625 0.023333 0.031250
1 0.611667 0.257812 0.023333 0.036458
1 0.631667 0.250000 0.023333 0.031250
1 0.653333 0.236979 0.026667 0.036458
1 0.706667 0.203125 0.033333 0.031250
1 0.851667 0.203125 0.023333 0.031250
1 0.838333 0.229167 0.023333 0.031250
1 0.136667 0.643229 0.026667 0.057292
1 0.141667 0.684896 0.023333 0.036458
1 0.158333 0.721354 0.030000 0.057292
1 0.175000 0.752604 0.023333 0.036458
1 0.185000 0.796875 0.030000 0.052083
1 0.188333 0.841146 0.036667 0.046875
1 0.016667 0.726562 0.026667 0.046875
1 0.031667 0.768229 0.030000 0.036458
1 0.040000 0.804688 0.026667 0.046875
1 0.240000 0.651042 0.026667 0.052083
1 0.265000 0.619792 0.036667 0.052083
1 0.301667 0.606771 0.030000 0.057292
1 0.328333 0.614583 0.030000 0.052083
1 0.358333 0.611979 0.030000 0.046875
1 0.390000 0.611979 0.033333 0.046875
1 0.421667 0.601562 0.036667 0.046875
1 0.450000 0.578125 0.033333 0.052083
1 0.483333 0.557292 0.040000 0.052083
1 0.510000 0.528646 0.033333 0.046875
1 0.540000 0.510417 0.026667 0.041667
1 0.561667 0.489583 0.030000 0.041667
1 0.590000 0.458333 0.033333 0.052083
1 0.625000 0.445312 0.036667 0.046875
1 0.653333 0.434896 0.026667 0.036458
1 0.860000 0.361979 0.026667 0.046875
1 0.836667 0.385417 0.026667 0.041667
1 0.813333 0.398438 0.026667 0.046875
1 0.791667 0.421875 0.030000 0.041667
1 0.765000 0.429688 0.023333 0.036458
1 0.738333 0.434896 0.023333 0.046875
1 0.810000 0.273438 0.020000 0.026042
1 0.800000 0.296875 0.026667 0.031250
1 0.870000 0.468750 0.026667 0.041667
1 0.840000 0.481771 0.033333 0.046875
1 0.811667 0.500000 0.023333 0.041667
1 0.731667 0.382812 0.023333 0.036458
1 0.788333 0.513021 0.023333 0.046875
1 0.700000 0.666667 0.020000 0.041667
1 0.683333 0.687500 0.020000 0.031250
1 0.758333 0.744792 0.023333 0.041667
1 0.785000 0.755208 0.023333 0.052083
1 0.810000 0.757812 0.026667 0.036458
1 0.843333 0.765625 0.033333 0.041667
1 0.871667 0.768229 0.023333 0.046875
1 0.893333 0.453125 0.026667 0.041667
1 0.921667 0.442708 0.023333 0.052083
1 0.915000 0.768229 0.030000 0.057292
1 0.938333 0.750000 0.023333 0.041667
1 0.976667 0.747396 0.040000 0.057292
1 0.898333 0.315104 0.023333 0.046875
1 0.958333 0.226562 0.023333 0.046875
1 0.628333 0.640625 0.023333 0.041667
1 0.613333 0.656250 0.020000 0.041667
1 0.583333 0.700521 0.020000 0.036458
1 0.648333 0.721354 0.030000 0.057292
1 0.623333 0.752604 0.026667 0.036458
1 0.603333 0.770833 0.026667 0.031250
1 0.583333 0.783854 0.026667 0.036458
1 0.560000 0.809896 0.026667 0.036458
1 0.531667 0.755208 0.023333 0.041667
1 0.515000 0.781250 0.023333 0.031250
1 0.498333 0.809896 0.023333 0.036458
1 0.636667 0.565104 0.026667 0.036458
1 0.661667 0.562500 0.023333 0.041667
1 0.681667 0.557292 0.023333 0.041667
1 0.771667 0.338542 0.030000 0.041667
1 0.888333 0.765625 0.023333 0.052083
