1 0.607570 0.292500 0.027888 0.035000
1 0.635458 0.332500 0.027888 0.035000
1 0.657371 0.357500 0.031873 0.035000
1 0.671315 0.375000 0.027888 0.030000
1 0.687251 0.400000 0.027888 0.040000
1 0.123506 0.152500 0.031873 0.045000
1 0.147410 0.172500 0.031873 0.045000
1 0.171315 0.190000 0.031873 0.040000
1 0.191235 0.210000 0.031873 0.050000
1 0.209163 0.230000 0.027888 0.040000
1 0.235060 0.247500 0.031873 0.045000
1 0.254980 0.267500 0.031873 0.045000
1 0.270916 0.290000 0.031873 0.040000
1 0.300797 0.305000 0.035857 0.050000
1 0.324701 0.335000 0.035857 0.050000
1 0.348606 0.352500 0.035857 0.045000
1 0.368526 0.375000 0.027888 0.040000
1 0.476096 0.472500 0.027888 0.045000
1 0.498008 0.487500 0.031873 0.045000
1 0.517928 0.512500 0.031873 0.045000
1 0.535857 0.535000 0.027888 0.050000
1 0.553785 0.552500 0.031873 0.045000
1 0.575697 0.572500 0.027888 0.035000
1 0.649402 0.650000 0.023904 0.040000
1 0.667331 0.672500 0.027888 0.045000
1 0.689243 0.695000 0.031873 0.050000
1 0.709163 0.715000 0.023904 0.040000
1 0.731076 0.740000 0.027888 0.030000
1 0.752988 0.760000 0.031873 0.040000
1 0.776892 0.782500 0.031873 0.035000
1 0.798805 0.810000 0.027888 0.040000
1 0.824701 0.837500 0.031873 0.045000
1 0.848606 0.862500 0.031873 0.045000
1 0.741036 0.482500 0.031873 0.045000
1 0.804781 0.575000 0.031873 0.050000
1 0.826693 0.607500 0.035857 0.045000
1 0.846614 0.637500 0.027888 0.035000
1 0.862550 0.660000 0.027888 0.030000
1 0.882470 0.697500 0.027888 0.045000
1 0.902390 0.722500 0.027888 0.045000
1 0.916335 0.747500 0.023904 0.035000
1 0.930279 0.780000 0.027888 0.040000
1 0.950199 0.797500 0.027888 0.035000
1 0.964143 0.825000 0.031873 0.040000
1 0.770916 0.525000 0.035857 0.040000
1 0.784861 0.545000 0.031873 0.040000
1 0.400398 0.027500 0.043825 0.045000
1 0.424303 0.047500 0.043825 0.045000
