1 0.563596 0.182018 0.039474 0.030702
1 0.600877 0.182018 0.026316 0.030702
1 0.640351 0.184211 0.052632 0.035088
1 0.682018 0.179825 0.021930 0.035088
1 0.815789 0.192982 0.026316 0.035088
1 0.824561 0.225877 0.035088 0.039474
1 0.846491 0.276316 0.026316 0.035088
1 0.528509 0.184211 0.030702 0.026316
1 0.497807 0.184211 0.030702 0.026316
1 0.469298 0.190789 0.035088 0.030702
1 0.375000 0.203947 0.030702 0.021930
1 0.245614 0.206140 0.035088 0.026316
1 0.236842 0.236842 0.035088 0.026316
1 0.469298 0.247807 0.017544 0.021930
1 0.486842 0.247807 0.026316 0.021930
1 0.502193 0.250000 0.021930 0.026316
1 0.554825 0.258772 0.030702 0.035088
1 0.585526 0.265351 0.030702 0.030702
1 0.256579 0.300439 0.030702 0.030702
1 0.160088 0.274123 0.030702 0.030702
1 0.278509 0.381579 0.030702 0.035088
1 0.309211 0.381579 0.030702 0.035088
1 0.333333 0.379386 0.026316 0.030702
1 0.361842 0.390351 0.039474 0.035088
1 0.442982 0.429825 0.026316 0.026316
1 0.359649 0.482456 0.026316 0.035088
1 0.423246 0.530702 0.021930 0.035088
1 0.467105 0.565789 0.030702 0.035088
1 0.489035 0.587719 0.030702 0.043860
1 0.743421 0.473684 0.030702 0.026316
1 0.743421 0.497807 0.030702 0.021930
1 0.739035 0.519737 0.030702 0.021930
1 0.739035 0.541667 0.030702 0.030702
1 0.809211 0.592105 0.021930 0.026316
1 0.833333 0.600877 0.026316 0.035088
1 0.857456 0.611842 0.021930 0.030702
1 0.916667 0.662281 0.026316 0.026316
1 0.725877 0.616228 0.030702 0.030702
1 0.583333 0.539474 0.026316 0.026316
1 0.600877 0.563596 0.026316 0.030702
1 0.620614 0.578947 0.021930 0.026316
1 0.655702 0.625000 0.030702 0.039474
1 0.570175 0.614035 0.035088 0.026316
1 0.576754 0.638158 0.039474 0.021930
1 0.585526 0.660088 0.030702 0.021930
1 0.581140 0.682018 0.030702 0.021930
1 0.888158 0.418860 0.030702 0.039474
1 0.916667 0.421053 0.026316 0.035088
1 0.280702 0.581140 0.035088 0.030702
1 0.282895 0.609649 0.030702 0.026316
1 0.276316 0.635965 0.026316 0.017544
1 0.267544 0.730263 0.035088 0.030702
1 0.265351 0.767544 0.030702 0.035088
1 0.271930 0.793860 0.026316 0.026316
1 0.234649 0.557018 0.030702 0.035088
1 0.234649 0.600877 0.030702 0.035088
1 0.232456 0.631579 0.026316 0.026316
1 0.230263 0.657895 0.030702 0.026316
1 0.232456 0.684211 0.035088 0.026316
1 0.230263 0.714912 0.030702 0.035088
1 0.228070 0.743421 0.035088 0.030702
1 0.225877 0.767544 0.039474 0.026316
1 0.513158 0.484649 0.026316 0.030702
1 0.537281 0.500000 0.030702 0.026316
1 0.710526 0.758772 0.035088 0.026316
1 0.519737 0.684211 0.030702 0.026316
1 0.517544 0.712719 0.026316 0.021930
1 0.515351 0.730263 0.030702 0.021930
1 0.653509 0.655702 0.026316 0.030702
1 0.432018 0.245614 0.021930 0.035088
1 0.250000 0.500000 0.035088 0.026316
1 0.256579 0.471491 0.039474 0.030702
1 0.407895 0.368421 0.026316 0.035088
