1 0.542453 0.339080 0.103774 0.103448
1 0.537736 0.264368 0.113208 0.068966
1 0.523585 0.183908 0.103774 0.137931
1 0.452830 0.103448 0.075472 0.114943
1 0.410377 0.063218 0.103774 0.103448
1 0.311321 0.068966 0.113208 0.114943
1 0.216981 0.074713 0.075472 0.126437
1 0.155660 0.109195 0.084906 0.126437
1 0.108491 0.189655 0.122642 0.126437
1 0.080189 0.275862 0.103774 0.114943
1 0.061321 0.362069 0.103774 0.080460
1 0.061321 0.431034 0.103774 0.080460
1 0.075472 0.488506 0.094340 0.057471
1 0.080189 0.551724 0.084906 0.091954
1 0.108491 0.632184 0.103774 0.091954
1 0.141509 0.718391 0.094340 0.103448
1 0.207547 0.775862 0.094340 0.126437
1 0.712264 0.591954 0.103774 0.149425
1 0.636792 0.678161 0.103774 0.114943
1 0.584906 0.804598 0.113208 0.137931
1 0.518868 0.879310 0.113208 0.149425
1 0.419811 0.896552 0.122642 0.137931
1 0.278302 0.816092 0.066038 0.114943
1 0.334906 0.862069 0.084906 0.137931
