1 0.047170 0.195402 0.075472 0.091954
1 0.056604 0.264368 0.094340 0.068966
1 0.080189 0.333333 0.103774 0.068966
1 0.099057 0.413793 0.103774 0.091954
1 0.160377 0.597701 0.094340 0.091954
1 0.183962 0.666667 0.103774 0.045977
1 0.193396 0.712644 0.066038 0.045977
1 0.221698 0.775862 0.122642 0.080460
1 0.245283 0.844828 0.094340 0.080460
1 0.273585 0.919540 0.094340 0.091954
1 0.556604 0.103448 0.094340 0.091954
1 0.603774 0.178161 0.094340 0.103448
1 0.750000 0.408046 0.084906 0.103448
1 0.787736 0.465517 0.103774 0.103448
1 0.825472 0.528736 0.103774 0.091954
1 0.858491 0.591954 0.094340 0.080460
1 0.962264 0.747126 0.075472 0.091954
1 0.037736 0.137931 0.056604 0.045977
1 0.707547 0.339080 0.094340 0.126437
1 0.655660 0.270115 0.084906 0.103448
