1 0.230000 0.111702 0.026667 0.042553
1 0.236667 0.234043 0.026667 0.042553
1 0.241667 0.276596 0.030000 0.042553
1 0.245000 0.313830 0.023333 0.042553
1 0.255000 0.348404 0.023333 0.037234
1 0.271667 0.393617 0.023333 0.042553
1 0.288333 0.478723 0.030000 0.063830
1 0.135000 0.255319 0.023333 0.031915
1 0.161667 0.242021 0.023333 0.037234
1 0.188333 0.228723 0.030000 0.042553
1 0.093333 0.635638 0.026667 0.047872
1 0.081667 0.672872 0.023333 0.037234
1 0.218333 0.404255 0.030000 0.042553
1 0.208333 0.441489 0.016667 0.031915
1 0.211667 0.585106 0.023333 0.031915
1 0.028333 0.664894 0.023333 0.042553
1 0.050000 0.739362 0.026667 0.053191
1 0.056667 0.808511 0.026667 0.042553
1 0.086667 0.840426 0.020000 0.053191
1 0.146667 0.707447 0.020000 0.042553
1 0.226667 0.694149 0.026667 0.047872
1 0.271667 0.593085 0.016667 0.037234
1 0.253333 0.188830 0.020000 0.037234
1 0.275000 0.178191 0.023333 0.037234
1 0.453333 0.034574 0.026667 0.037234
1 0.438333 0.055851 0.023333 0.037234
1 0.463333 0.071809 0.026667 0.037234
1 0.490000 0.061170 0.026667 0.037234
1 0.513333 0.050532 0.026667 0.037234
1 0.560000 0.031915 0.026667 0.042553
1 0.495000 0.132979 0.030000 0.031915
1 0.608333 0.079787 0.023333 0.031915
1 0.631667 0.071809 0.023333 0.037234
1 0.655000 0.074468 0.023333 0.031915
1 0.680000 0.077128 0.026667 0.037234
1 0.703333 0.077128 0.026667 0.037234
1 0.728333 0.079787 0.030000 0.031915
1 0.503333 0.186170 0.026667 0.042553
1 0.521667 0.172872 0.023333 0.047872
1 0.548333 0.151596 0.023333 0.047872
1 0.571667 0.140957 0.023333 0.047872
1 0.623333 0.130319 0.026667 0.047872
1 0.651667 0.127660 0.023333 0.042553
1 0.681667 0.130319 0.036667 0.047872
1 0.711667 0.127660 0.023333 0.042553
1 0.733333 0.132979 0.020000 0.042553
1 0.656667 0.175532 0.026667 0.053191
1 0.680000 0.194149 0.026667 0.047872
1 0.706667 0.207447 0.026667 0.053191
1 0.733333 0.228723 0.026667 0.053191
1 0.755000 0.244681 0.023333 0.053191
1 0.438333 0.162234 0.030000 0.047872
1 0.391667 0.257979 0.023333 0.047872
1 0.406667 0.276596 0.020000 0.042553
1 0.426667 0.303191 0.020000 0.042553
1 0.448333 0.329787 0.023333 0.042553
1 0.488333 0.377660 0.030000 0.042553
1 0.508333 0.406915 0.016667 0.037234
1 0.476667 0.734043 0.026667 0.042553
1 0.491667 0.707447 0.023333 0.042553
1 0.506667 0.683511 0.020000 0.047872
1 0.381667 0.675532 0.023333 0.042553
1 0.391667 0.712766 0.023333 0.042553
1 0.403333 0.747340 0.026667 0.037234
1 0.410000 0.784574 0.026667 0.037234
1 0.430000 0.824468 0.026667 0.042553
1 0.381667 0.829787 0.023333 0.042553
1 0.290000 0.699468 0.020000 0.037234
1 0.306667 0.726064 0.020000 0.037234
1 0.603333 0.587766 0.033333 0.047872
1 0.626667 0.571809 0.033333 0.047872
1 0.648333 0.547872 0.030000 0.042553
1 0.673333 0.518617 0.026667 0.047872
1 0.721667 0.460106 0.036667 0.058511
1 0.705000 0.686170 0.030000 0.053191
1 0.845000 0.390957 0.030000 0.037234
1 0.970000 0.069149 0.033333 0.031915
1 0.943333 0.077128 0.026667 0.047872
1 0.921667 0.085106 0.030000 0.053191
1 0.895000 0.103723 0.036667 0.058511
1 0.855000 0.486702 0.023333 0.037234
1 0.878333 0.507979 0.023333 0.047872
1 0.898333 0.526596 0.023333 0.042553
1 0.706667 0.632979 0.026667 0.042553
1 0.740000 0.635638 0.026667 0.047872
1 0.735000 0.691489 0.030000 0.053191
1 0.938333 0.688830 0.030000 0.047872
1 0.893333 0.736702 0.026667 0.037234
1 0.848333 0.797872 0.030000 0.042553
1 0.830000 0.824468 0.020000 0.042553
1 0.811667 0.851064 0.023333 0.042553
1 0.756667 0.787234 0.026667 0.031915
1 0.730000 0.805851 0.026667 0.047872
1 0.955000 0.268617 0.023333 0.037234
1 0.970000 0.300532 0.020000 0.037234
1 0.985000 0.329787 0.023333 0.042553
1 0.568333 0.848404 0.023333 0.037234
1 0.588333 0.832447 0.023333 0.037234
1 0.610000 0.827128 0.026667 0.037234
1 0.648333 0.795213 0.023333 0.037234
1 0.663333 0.776596 0.020000 0.031915
1 0.695000 0.800532 0.023333 0.037234
1 0.591667 0.680851 0.023333 0.042553
1 0.613333 0.728723 0.026667 0.042553
1 0.475000 0.250000 0.023333 0.042553
1 0.500000 0.295213 0.026667 0.037234
1 0.813333 0.271277 0.026667 0.053191
1 0.866667 0.327128 0.026667 0.047872
1 0.523333 0.356383 0.020000 0.031915
1 0.535000 0.396277 0.023333 0.037234
1 0.543333 0.428191 0.020000 0.037234
1 0.915000 0.563830 0.023333 0.042553
1 0.931667 0.595745 0.023333 0.042553
1 0.978333 0.625000 0.030000 0.037234
1 0.181667 0.694149 0.030000 0.047872
