1 0.068182 0.293194 0.060606 0.083770
1 0.107955 0.295812 0.026515 0.089005
1 0.132576 0.293194 0.022727 0.083770
1 0.168561 0.308901 0.049242 0.083770
1 0.212121 0.319372 0.045455 0.094241
1 0.255682 0.327225 0.049242 0.099476
1 0.295455 0.329843 0.037879 0.083770
1 0.325758 0.340314 0.037879 0.094241
1 0.365530 0.340314 0.041667 0.104712
1 0.465909 0.363874 0.053030 0.089005
1 0.517045 0.371728 0.049242 0.094241
1 0.636364 0.382199 0.060606 0.104712
1 0.746212 0.413613 0.053030 0.094241
1 0.799242 0.429319 0.053030 0.094241
1 0.850379 0.439791 0.049242 0.094241
1 0.907197 0.458115 0.056818 0.109948
1 0.965909 0.465969 0.053030 0.094241
1 0.018939 0.463351 0.030303 0.078534
1 0.054924 0.468586 0.041667 0.078534
1 0.094697 0.476440 0.045455 0.073298
1 0.140152 0.486911 0.037879 0.073298
1 0.178030 0.494764 0.037879 0.068063
1 0.225379 0.505236 0.049242 0.078534
1 0.276515 0.515707 0.045455 0.078534
1 0.321970 0.528796 0.045455 0.083770
1 0.367424 0.539267 0.045455 0.083770
1 0.405303 0.541885 0.037879 0.089005
1 0.437500 0.562827 0.041667 0.078534
1 0.534091 0.596859 0.045455 0.094241
1 0.577652 0.604712 0.041667 0.078534
1 0.623106 0.630890 0.049242 0.089005
1 0.660985 0.638743 0.034091 0.062827
1 0.714015 0.667539 0.026515 0.068063
1 0.770833 0.688482 0.034091 0.068063
1 0.852273 0.722513 0.030303 0.073298
1 0.893939 0.740838 0.045455 0.089005
1 0.937500 0.756545 0.049242 0.078534
1 0.575758 0.379581 0.068182 0.099476
1 0.488636 0.573298 0.053030 0.089005
1 0.691288 0.400524 0.056818 0.099476
