1 0.049213 0.030303 0.059055 0.050505
1 0.066929 0.068182 0.047244 0.055556
1 0.084646 0.103535 0.051181 0.045455
1 0.098425 0.131313 0.047244 0.040404
1 0.124016 0.184343 0.066929 0.075758
1 0.155512 0.232323 0.051181 0.060606
1 0.179134 0.275253 0.059055 0.065657
1 0.200787 0.323232 0.062992 0.070707
1 0.224409 0.366162 0.055118 0.065657
1 0.242126 0.404040 0.051181 0.060606
1 0.267717 0.441919 0.055118 0.055556
1 0.283465 0.472222 0.055118 0.055556
1 0.311024 0.522727 0.055118 0.065657
1 0.338583 0.575758 0.055118 0.070707
1 0.370079 0.616162 0.055118 0.060606
1 0.391732 0.659091 0.051181 0.065657
1 0.421260 0.704545 0.062992 0.075758
1 0.496063 0.790404 0.047244 0.075758
1 0.529528 0.813131 0.043307 0.070707
1 0.566929 0.840909 0.039370 0.065657
1 0.596457 0.853535 0.035433 0.060606
1 0.639764 0.878788 0.051181 0.070707
1 0.688976 0.904040 0.047244 0.080808
1 0.732283 0.926768 0.039370 0.065657
1 0.415354 0.121212 0.051181 0.060606
1 0.435039 0.156566 0.051181 0.050505
1 0.448819 0.191919 0.047244 0.050505
1 0.468504 0.222222 0.047244 0.060606
1 0.498031 0.277778 0.066929 0.080808
1 0.529528 0.325758 0.051181 0.065657
1 0.553150 0.371212 0.059055 0.055556
1 0.574803 0.414141 0.047244 0.060606
1 0.592520 0.446970 0.051181 0.055556
1 0.633858 0.527778 0.055118 0.075758
1 0.657480 0.580808 0.055118 0.060606
1 0.685039 0.623737 0.055118 0.065657
1 0.708661 0.666667 0.055118 0.070707
1 0.734252 0.712121 0.051181 0.060606
1 0.753937 0.750000 0.043307 0.055556
1 0.771654 0.790404 0.047244 0.055556
1 0.791339 0.825758 0.047244 0.055556
1 0.814961 0.866162 0.055118 0.065657
1 0.848425 0.924242 0.051181 0.070707
1 0.877953 0.962121 0.047244 0.055556
