1 0.035294 0.641414 0.062745 0.070707
1 0.088235 0.606061 0.066667 0.070707
1 0.139216 0.570707 0.066667 0.080808
1 0.194118 0.537879 0.066667 0.075758
1 0.245098 0.507576 0.066667 0.075758
1 0.294118 0.477273 0.070588 0.075758
1 0.341176 0.444444 0.047059 0.060606
1 0.378431 0.421717 0.050980 0.055556
1 0.419608 0.391414 0.054902 0.065657
1 0.460784 0.373737 0.050980 0.070707
1 0.505882 0.340909 0.062745 0.075758
1 0.558824 0.313131 0.066667 0.070707
1 0.611765 0.280303 0.062745 0.075758
1 0.662745 0.255051 0.070588 0.075758
1 0.707843 0.229798 0.043137 0.065657
1 0.743137 0.214646 0.050980 0.075758
1 0.778431 0.196970 0.043137 0.070707
1 0.813725 0.184343 0.043137 0.065657
1 0.850980 0.174242 0.054902 0.065657
1 0.886275 0.151515 0.047059 0.070707
1 0.111765 0.888889 0.074510 0.080808
1 0.160784 0.840909 0.054902 0.075758
1 0.205882 0.803030 0.058824 0.080808
1 0.256863 0.762626 0.066667 0.070707
1 0.298039 0.722222 0.062745 0.070707
1 0.350980 0.689394 0.058824 0.075758
1 0.398039 0.654040 0.058824 0.065657
1 0.439216 0.623737 0.047059 0.055556
1 0.476471 0.598485 0.058824 0.065657
1 0.513725 0.573232 0.054902 0.065657
1 0.550980 0.553030 0.050980 0.065657
1 0.580392 0.525253 0.039216 0.060606
1 0.664706 0.479798 0.066667 0.070707
1 0.723529 0.439394 0.066667 0.080808
1 0.619608 0.505051 0.054902 0.060606
1 0.766667 0.398990 0.050980 0.060606
1 0.800000 0.381313 0.047059 0.055556
1 0.827451 0.358586 0.039216 0.060606
1 0.862745 0.338384 0.054902 0.060606
1 0.896078 0.318182 0.035294 0.060606
1 0.927451 0.295455 0.043137 0.055556
1 0.970588 0.267677 0.058824 0.080808
1 0.933333 0.138889 0.047059 0.075758
