1 0.214801 0.140110 0.039711 0.060440
1 0.268953 0.189560 0.039711 0.082418
1 0.299639 0.217033 0.036101 0.071429
1 0.324910 0.236264 0.028881 0.087912
1 0.355596 0.258242 0.039711 0.076923
1 0.380866 0.282967 0.032491 0.071429
1 0.447653 0.329670 0.043321 0.065934
1 0.472924 0.357143 0.028881 0.076923
1 0.498195 0.370879 0.036101 0.082418
1 0.532491 0.401099 0.039711 0.087912
1 0.561372 0.423077 0.039711 0.076923
1 0.588448 0.461538 0.028881 0.076923
1 0.611913 0.475275 0.032491 0.060440
1 0.644404 0.510989 0.039711 0.065934
1 0.673285 0.535714 0.046931 0.071429
1 0.740072 0.598901 0.036101 0.076923
1 0.768953 0.618132 0.036101 0.071429
1 0.801444 0.648352 0.043321 0.076923
1 0.835740 0.670330 0.039711 0.076923
1 0.870036 0.703297 0.036101 0.087912
1 0.893502 0.719780 0.032491 0.076923
1 0.925993 0.750000 0.032491 0.093407
1 0.039711 0.228022 0.028881 0.060440
1 0.063177 0.241758 0.032491 0.054945
1 0.086643 0.260989 0.043321 0.071429
1 0.120939 0.288462 0.032491 0.060440
1 0.149819 0.304945 0.032491 0.071429
1 0.180505 0.326923 0.028881 0.060440
1 0.207581 0.351648 0.032491 0.076923
1 0.276173 0.403846 0.039711 0.071429
1 0.305054 0.417582 0.032491 0.065934
1 0.332130 0.436813 0.036101 0.071429
1 0.364621 0.458791 0.036101 0.082418
1 0.393502 0.491758 0.036101 0.071429
1 0.427798 0.516484 0.032491 0.076923
1 0.451264 0.530220 0.028881 0.060440
1 0.478339 0.557692 0.032491 0.071429
1 0.510830 0.582418 0.039711 0.087912
1 0.579422 0.645604 0.039711 0.082418
1 0.615523 0.662088 0.039711 0.082418
1 0.642599 0.681319 0.036101 0.076923
1 0.676895 0.703297 0.039711 0.087912
1 0.707581 0.728022 0.028881 0.082418
1 0.736462 0.741758 0.028881 0.087912
1 0.761733 0.760989 0.028881 0.082418
1 0.088448 0.458791 0.039711 0.082418
1 0.124549 0.480769 0.039711 0.071429
1 0.158845 0.500000 0.036101 0.087912
1 0.200361 0.527473 0.039711 0.076923
1 0.240072 0.538462 0.039711 0.076923
1 0.276173 0.563187 0.046931 0.082418
1 0.379061 0.631868 0.036101 0.065934
1 0.409747 0.656593 0.032491 0.071429
1 0.435018 0.670330 0.025271 0.065934
1 0.462094 0.697802 0.028881 0.076923
1 0.494585 0.722527 0.028881 0.071429
1 0.519856 0.739011 0.036101 0.071429
1 0.545126 0.755495 0.036101 0.071429
1 0.564982 0.782967 0.032491 0.060440
1 0.588448 0.804945 0.036101 0.071429
1 0.543321 0.612637 0.046931 0.082418
1 0.797834 0.788462 0.043321 0.082418
1 0.954874 0.771978 0.046931 0.071429
1 0.703971 0.571429 0.050542 0.076923
1 0.240072 0.368132 0.046931 0.076923
1 0.411552 0.307692 0.043321 0.076923
1 0.238267 0.164835 0.043321 0.076923
