1 0.035000 0.239535 0.023333 0.023256
1 0.030000 0.262791 0.026667 0.023256
1 0.028333 0.290698 0.016667 0.032558
1 0.031667 0.318605 0.030000 0.032558
1 0.021667 0.344186 0.023333 0.027907
1 0.055000 0.413953 0.010000 0.027907
1 0.068333 0.420930 0.010000 0.023256
1 0.096667 0.453488 0.020000 0.032558
1 0.248333 0.376744 0.023333 0.027907
1 0.236667 0.400000 0.020000 0.027907
1 0.233333 0.430233 0.020000 0.032558
1 0.231667 0.458140 0.030000 0.032558
1 0.236667 0.479070 0.020000 0.027907
1 0.238333 0.511628 0.023333 0.027907
1 0.240000 0.534884 0.026667 0.027907
1 0.255000 0.567442 0.023333 0.027907
1 0.265000 0.588372 0.023333 0.032558
1 0.293333 0.674419 0.020000 0.037209
1 0.318333 0.720930 0.023333 0.027907
1 0.125000 0.486047 0.016667 0.032558
1 0.058333 0.739535 0.023333 0.027907
1 0.095000 0.727907 0.016667 0.032558
1 0.115000 0.730233 0.023333 0.027907
1 0.133333 0.725581 0.020000 0.027907
1 0.153333 0.725581 0.020000 0.027907
1 0.173333 0.727907 0.013333 0.032558
1 0.185000 0.730233 0.016667 0.027907
1 0.203333 0.730233 0.013333 0.027907
1 0.221667 0.732558 0.016667 0.032558
1 0.243333 0.734884 0.013333 0.027907
1 0.260000 0.741860 0.020000 0.041860
1 0.275000 0.746512 0.016667 0.032558
1 0.296667 0.751163 0.020000 0.032558
1 0.313333 0.762791 0.020000 0.027907
1 0.171667 0.823256 0.016667 0.027907
1 0.191667 0.825581 0.016667 0.032558
1 0.210000 0.823256 0.020000 0.037209
1 0.395000 0.358140 0.016667 0.037209
1 0.410000 0.383721 0.013333 0.023256
1 0.423333 0.406977 0.020000 0.041860
1 0.440000 0.430233 0.013333 0.032558
1 0.458333 0.453488 0.016667 0.041860
1 0.473333 0.465116 0.013333 0.027907
1 0.495000 0.486047 0.016667 0.032558
1 0.503333 0.504651 0.013333 0.023256
1 0.518333 0.532558 0.016667 0.041860
1 0.538333 0.558140 0.023333 0.037209
1 0.555000 0.567442 0.016667 0.027907
1 0.578333 0.588372 0.030000 0.032558
1 0.588333 0.613953 0.023333 0.037209
1 0.883333 0.232558 0.020000 0.037209
1 0.861667 0.232558 0.023333 0.027907
1 0.785000 0.337209 0.023333 0.041860
1 0.783333 0.372093 0.026667 0.027907
1 0.790000 0.404651 0.026667 0.037209
1 0.813333 0.441860 0.026667 0.037209
1 0.941667 0.420930 0.050000 0.051163
1 0.863333 0.020930 0.040000 0.032558
1 0.853333 0.048837 0.026667 0.041860
1 0.825000 0.141860 0.030000 0.041860
1 0.771667 0.716279 0.023333 0.027907
1 0.793333 0.704651 0.020000 0.041860
1 0.810000 0.697674 0.020000 0.027907
1 0.830000 0.681395 0.026667 0.032558
1 0.861667 0.660465 0.023333 0.037209
1 0.881667 0.651163 0.016667 0.027907
1 0.901667 0.637209 0.016667 0.027907
1 0.900000 0.565116 0.020000 0.041860
1 0.978333 0.648837 0.023333 0.041860
1 0.676667 0.800000 0.026667 0.037209
1 0.703333 0.788372 0.026667 0.051163
1 0.723333 0.772093 0.020000 0.037209
1 0.748333 0.772093 0.023333 0.037209
1 0.773333 0.772093 0.026667 0.037209
1 0.798333 0.781395 0.023333 0.037209
1 0.821667 0.793023 0.023333 0.032558
1 0.848333 0.797674 0.023333 0.032558
1 0.870000 0.806977 0.013333 0.032558
1 0.725000 0.174419 0.023333 0.041860
1 0.756667 0.188372 0.020000 0.032558
1 0.776667 0.202326 0.020000 0.032558
1 0.800000 0.209302 0.020000 0.037209
1 0.816667 0.213953 0.020000 0.037209
1 0.813333 0.260465 0.020000 0.027907
1 0.796667 0.274419 0.020000 0.037209
1 0.678333 0.618605 0.030000 0.037209
1 0.483333 0.039535 0.020000 0.041860
1 0.500000 0.046512 0.020000 0.037209
1 0.573333 0.874419 0.026667 0.037209
1 0.593333 0.867442 0.026667 0.041860
1 0.923333 0.583721 0.026667 0.041860
1 0.900000 0.227907 0.020000 0.046512
1 0.920000 0.230233 0.026667 0.041860
1 0.660000 0.106977 0.026667 0.037209
1 0.676667 0.123256 0.026667 0.032558
