1 0.178333 0.195312 0.043333 0.054688
1 0.226667 0.203125 0.033333 0.031250
1 0.223333 0.222656 0.026667 0.039062
1 0.266667 0.019531 0.040000 0.031250
1 0.255000 0.072266 0.030000 0.035156
1 0.533333 0.066406 0.033333 0.054688
1 0.495000 0.044922 0.023333 0.035156
1 0.431667 0.078125 0.030000 0.039062
1 0.261667 0.224609 0.030000 0.042969
1 0.286667 0.230469 0.020000 0.031250
1 0.316667 0.234375 0.026667 0.039062
1 0.136667 0.175781 0.026667 0.039062
1 0.375000 0.220703 0.023333 0.027344
1 0.420000 0.220703 0.026667 0.027344
1 0.465000 0.259766 0.030000 0.035156
1 0.286667 0.298828 0.026667 0.035156
1 0.320000 0.306641 0.026667 0.035156
1 0.356667 0.312500 0.040000 0.046875
1 0.401667 0.322266 0.043333 0.042969
1 0.488333 0.361328 0.036667 0.042969
1 0.520000 0.382812 0.040000 0.046875
1 0.563333 0.408203 0.040000 0.050781
1 0.583333 0.345703 0.033333 0.035156
1 0.595000 0.320312 0.036667 0.031250
1 0.631667 0.353516 0.030000 0.042969
1 0.676667 0.435547 0.033333 0.042969
1 0.640000 0.490234 0.040000 0.058594
1 0.533333 0.302734 0.026667 0.035156
1 0.683333 0.494141 0.026667 0.035156
1 0.695000 0.468750 0.036667 0.039062
1 0.723333 0.515625 0.033333 0.039062
1 0.710000 0.533203 0.026667 0.027344
1 0.731667 0.568359 0.023333 0.027344
1 0.803333 0.609375 0.020000 0.031250
1 0.873333 0.632812 0.040000 0.054688
1 0.670000 0.548828 0.033333 0.050781
1 0.690000 0.597656 0.040000 0.039062
1 0.701667 0.646484 0.036667 0.042969
1 0.721667 0.697266 0.043333 0.050781
1 0.621667 0.546875 0.043333 0.039062
1 0.593333 0.576172 0.033333 0.035156
1 0.583333 0.625000 0.040000 0.039062
1 0.888333 0.367188 0.043333 0.039062
1 0.281667 0.539062 0.043333 0.039062
1 0.353333 0.556641 0.026667 0.042969
1 0.388333 0.564453 0.036667 0.035156
1 0.428333 0.570312 0.036667 0.039062
1 0.456667 0.599609 0.046667 0.042969
1 0.458333 0.644531 0.043333 0.039062
1 0.461667 0.685547 0.030000 0.035156
1 0.485000 0.699219 0.023333 0.031250
1 0.533333 0.701172 0.020000 0.027344
1 0.226667 0.595703 0.026667 0.027344
1 0.240000 0.619141 0.026667 0.027344
1 0.213333 0.636719 0.026667 0.031250
1 0.190000 0.642578 0.020000 0.035156
1 0.330000 0.679688 0.040000 0.039062
1 0.368333 0.699219 0.043333 0.046875
1 0.391667 0.154297 0.023333 0.042969
1 0.238333 0.134766 0.023333 0.035156
1 0.401667 0.109375 0.016667 0.031250
1 0.750000 0.753906 0.040000 0.054688
1 0.788333 0.791016 0.043333 0.050781
1 0.863333 0.828125 0.033333 0.046875
1 0.828333 0.812500 0.030000 0.046875
1 0.715000 0.818359 0.030000 0.042969
1 0.780000 0.876953 0.040000 0.042969
1 0.975000 0.402344 0.030000 0.046875
1 0.848333 0.382812 0.030000 0.039062
1 0.916667 0.205078 0.026667 0.035156
1 0.928333 0.167969 0.030000 0.039062
1 0.948333 0.138672 0.030000 0.035156
1 0.971667 0.115234 0.030000 0.035156
1 0.685000 0.802734 0.030000 0.042969
1 0.391667 0.740234 0.036667 0.042969
1 0.361667 0.779297 0.036667 0.050781
1 0.758333 0.837891 0.036667 0.042969
1 0.776667 0.583984 0.040000 0.042969
1 0.758333 0.593750 0.030000 0.039062
