1 0.043825 0.134328 0.055777 0.039801
1 0.095618 0.139303 0.047809 0.049751
1 0.139442 0.144279 0.039841 0.049751
1 0.181275 0.146766 0.035857 0.044776
1 0.209163 0.151741 0.035857 0.044776
1 0.247012 0.144279 0.039841 0.049751
1 0.282869 0.156716 0.039841 0.054726
1 0.316733 0.154229 0.035857 0.049751
1 0.358566 0.156716 0.047809 0.054726
1 0.392430 0.159204 0.035857 0.039801
1 0.430279 0.156716 0.039841 0.044776
1 0.462151 0.156716 0.031873 0.044776
1 0.500000 0.159204 0.035857 0.039801
1 0.537849 0.154229 0.039841 0.049751
1 0.581673 0.154229 0.047809 0.049751
1 0.619522 0.161692 0.043825 0.054726
1 0.657371 0.161692 0.031873 0.044776
1 0.693227 0.164179 0.031873 0.049751
1 0.727092 0.159204 0.035857 0.039801
1 0.125498 0.385572 0.051793 0.044776
1 0.169323 0.390547 0.043825 0.044776
1 0.219124 0.390547 0.047809 0.044776
1 0.037849 0.462687 0.035857 0.039801
1 0.077689 0.462687 0.043825 0.039801
1 0.123506 0.457711 0.039841 0.039801
1 0.175299 0.455224 0.055777 0.044776
1 0.211155 0.450249 0.031873 0.034826
1 0.243028 0.442786 0.031873 0.039801
1 0.270916 0.440299 0.031873 0.034826
1 0.296813 0.437811 0.027888 0.039801
1 0.846614 0.310945 0.035857 0.044776
1 0.812749 0.328358 0.031873 0.039801
1 0.778884 0.338308 0.035857 0.049751
1 0.747012 0.353234 0.035857 0.039801
1 0.717131 0.365672 0.031873 0.034826
1 0.679283 0.373134 0.043825 0.039801
1 0.637450 0.380597 0.047809 0.044776
1 0.593625 0.393035 0.047809 0.039801
1 0.559761 0.395522 0.027888 0.034826
1 0.531873 0.400498 0.035857 0.034826
1 0.332669 0.430348 0.027888 0.044776
1 0.362550 0.425373 0.031873 0.044776
1 0.396414 0.425373 0.043825 0.044776
1 0.432271 0.417910 0.035857 0.039801
1 0.466135 0.402985 0.031873 0.039801
1 0.500000 0.407960 0.035857 0.039801
1 0.161355 0.771144 0.035857 0.039801
1 0.207171 0.763682 0.047809 0.034826
1 0.478088 0.646766 0.039841 0.049751
1 0.488048 0.703980 0.043825 0.044776
1 0.496016 0.751244 0.051793 0.049751
1 0.505976 0.796020 0.039841 0.049751
1 0.507968 0.843284 0.035857 0.044776
1 0.513944 0.885572 0.031873 0.039801
1 0.665339 0.731343 0.031873 0.059701
1 0.667331 0.791045 0.027888 0.049751
1 0.882470 0.718905 0.027888 0.044776
1 0.902390 0.751244 0.027888 0.039801
1 0.677291 0.883085 0.047809 0.054726
1 0.703187 0.838308 0.035857 0.044776
1 0.721116 0.793532 0.039841 0.054726
1 0.725100 0.900498 0.031873 0.049751
1 0.814741 0.629353 0.035857 0.054726
1 0.749004 0.644279 0.031873 0.044776
1 0.780876 0.161692 0.063745 0.054726
1 0.892430 0.303483 0.055777 0.059701
1 0.462151 0.579602 0.047809 0.084577
1 0.169323 0.572139 0.051793 0.069652
1 0.667331 0.671642 0.043825 0.069652
