1 0.383333 0.024725 0.026667 0.038462
1 0.358333 0.074176 0.023333 0.038462
1 0.343333 0.118132 0.026667 0.049451
1 0.326667 0.162088 0.026667 0.049451
1 0.308333 0.195055 0.023333 0.049451
1 0.296667 0.236264 0.026667 0.043956
1 0.278333 0.280220 0.023333 0.043956
1 0.261667 0.326923 0.023333 0.049451
1 0.251667 0.370879 0.030000 0.049451
1 0.233333 0.401099 0.026667 0.043956
1 0.125000 0.475275 0.030000 0.038462
1 0.115000 0.516484 0.023333 0.043956
1 0.103333 0.557692 0.020000 0.049451
1 0.198333 0.543956 0.023333 0.043956
1 0.198333 0.582418 0.023333 0.043956
1 0.463333 0.214286 0.026667 0.032967
1 0.433333 0.236264 0.026667 0.043956
1 0.411667 0.250000 0.023333 0.027473
1 0.391667 0.269231 0.023333 0.032967
1 0.371667 0.288462 0.023333 0.027473
1 0.355000 0.307692 0.023333 0.032967
1 0.335000 0.324176 0.023333 0.032967
1 0.318333 0.346154 0.023333 0.032967
1 0.386667 0.332418 0.020000 0.038462
1 0.371667 0.381868 0.023333 0.049451
1 0.356667 0.414835 0.020000 0.049451
1 0.638333 0.027473 0.030000 0.043956
1 0.613333 0.052198 0.026667 0.038462
1 0.585000 0.074176 0.023333 0.038462
1 0.560000 0.098901 0.026667 0.043956
1 0.538333 0.137363 0.023333 0.032967
1 0.536667 0.170330 0.020000 0.043956
1 0.526667 0.184066 0.020000 0.027473
1 0.513333 0.255495 0.026667 0.060440
1 0.503333 0.299451 0.026667 0.049451
1 0.493333 0.348901 0.026667 0.038462
1 0.481667 0.392857 0.023333 0.049451
1 0.475000 0.431319 0.023333 0.049451
1 0.460000 0.491758 0.026667 0.049451
1 0.456667 0.543956 0.020000 0.054945
1 0.451667 0.604396 0.023333 0.065934
1 0.695000 0.387363 0.030000 0.049451
1 0.670000 0.414835 0.026667 0.038462
1 0.646667 0.431319 0.020000 0.038462
1 0.625000 0.450549 0.023333 0.043956
1 0.605000 0.478022 0.030000 0.043956
1 0.583333 0.513736 0.026667 0.049451
1 0.790000 0.475275 0.020000 0.049451
1 0.778333 0.513736 0.030000 0.049451
1 0.770000 0.557692 0.026667 0.060440
1 0.758333 0.601648 0.023333 0.049451
1 0.755000 0.642857 0.023333 0.043956
1 0.791667 0.708791 0.030000 0.032967
1 0.763333 0.706044 0.026667 0.038462
1 0.736667 0.703297 0.026667 0.043956
1 0.710000 0.695055 0.026667 0.049451
1 0.746667 0.739011 0.020000 0.038462
1 0.740000 0.769231 0.020000 0.032967
1 0.738333 0.799451 0.023333 0.038462
1 0.640000 0.516484 0.020000 0.043956
1 0.615000 0.552198 0.023333 0.049451
1 0.571667 0.472527 0.030000 0.043956
1 0.548333 0.500000 0.023333 0.032967
1 0.528333 0.527473 0.030000 0.043956
1 0.505000 0.554945 0.030000 0.032967
1 0.556667 0.576923 0.020000 0.043956
1 0.588333 0.590659 0.023333 0.049451
1 0.576667 0.697802 0.026667 0.043956
1 0.738333 0.851648 0.023333 0.032967
1 0.538333 0.763736 0.030000 0.054945
1 0.556667 0.728022 0.020000 0.049451
1 0.525000 0.664835 0.023333 0.043956
1 0.505000 0.692308 0.016667 0.032967
1 0.515000 0.719780 0.023333 0.032967
1 0.500000 0.755495 0.020000 0.038462
1 0.451667 0.662088 0.023333 0.049451
1 0.416667 0.662088 0.033333 0.049451
1 0.456667 0.708791 0.020000 0.054945
1 0.483333 0.620879 0.020000 0.043956
1 0.470000 0.766484 0.026667 0.060440
1 0.496667 0.843407 0.020000 0.049451
1 0.455000 0.837912 0.023333 0.049451
1 0.431667 0.719780 0.023333 0.054945
1 0.418333 0.769231 0.023333 0.054945
1 0.061667 0.560440 0.030000 0.043956
1 0.091667 0.612637 0.023333 0.038462
1 0.078333 0.651099 0.030000 0.060440
1 0.068333 0.697802 0.030000 0.043956
1 0.121667 0.626374 0.030000 0.054945
1 0.148333 0.637363 0.030000 0.043956
1 0.255000 0.576923 0.023333 0.032967
1 0.260000 0.604396 0.020000 0.021978
1 0.241667 0.648352 0.043333 0.032967
1 0.181667 0.667582 0.023333 0.060440
1 0.190000 0.623626 0.020000 0.049451
1 0.085000 0.760989 0.030000 0.049451
1 0.048333 0.780220 0.030000 0.043956
1 0.038333 0.821429 0.030000 0.049451
1 0.135000 0.755495 0.023333 0.038462
1 0.155000 0.752747 0.016667 0.032967
1 0.175000 0.755495 0.023333 0.038462
1 0.181667 0.796703 0.023333 0.054945
1 0.190000 0.837912 0.026667 0.049451
1 0.278333 0.706044 0.023333 0.038462
1 0.285000 0.739011 0.023333 0.027473
1 0.286667 0.769231 0.026667 0.032967
1 0.293333 0.796703 0.026667 0.032967
1 0.300000 0.837912 0.026667 0.049451
