1 0.385185 0.347594 0.051852 0.085561
1 0.353704 0.385027 0.048148 0.074866
1 0.327778 0.414439 0.048148 0.080214
1 0.301852 0.446524 0.048148 0.069519
1 0.277778 0.481283 0.051852 0.074866
1 0.250000 0.510695 0.048148 0.069519
1 0.227778 0.537433 0.048148 0.069519
1 0.205556 0.572193 0.048148 0.074866
1 0.179630 0.606952 0.055556 0.069519
1 0.151852 0.639037 0.044444 0.080214
1 0.125926 0.673797 0.051852 0.064171
1 0.107407 0.703209 0.044444 0.069519
1 0.090741 0.732620 0.040741 0.074866
1 0.064815 0.764706 0.048148 0.074866
1 0.042593 0.794118 0.048148 0.069519
1 0.025926 0.834225 0.044444 0.085561
1 0.635185 0.042781 0.055556 0.064171
1 0.620370 0.082888 0.055556 0.058824
1 0.601852 0.114973 0.055556 0.069519
1 0.579630 0.163102 0.062963 0.090909
1 0.557407 0.213904 0.055556 0.064171
1 0.538889 0.248663 0.048148 0.069519
1 0.518519 0.288770 0.051852 0.064171
1 0.500000 0.331551 0.051852 0.074866
1 0.483333 0.382353 0.062963 0.080214
1 0.462963 0.422460 0.051852 0.064171
1 0.448148 0.451872 0.051852 0.058824
1 0.429630 0.491979 0.044444 0.064171
1 0.411111 0.534759 0.059259 0.074866
1 0.385185 0.582888 0.051852 0.074866
1 0.366667 0.639037 0.059259 0.080214
1 0.344444 0.684492 0.051852 0.064171
1 0.327778 0.721925 0.055556 0.064171
1 0.309259 0.767380 0.055556 0.058824
1 0.296296 0.796791 0.051852 0.064171
1 0.277778 0.831551 0.051852 0.058824
1 0.262963 0.866310 0.059259 0.064171
1 0.240741 0.917112 0.066667 0.080214
1 0.785185 0.053476 0.059259 0.064171
1 0.768519 0.088235 0.048148 0.058824
1 0.750000 0.125668 0.048148 0.069519
1 0.683333 0.270053 0.055556 0.069519
1 0.666667 0.318182 0.051852 0.058824
1 0.650000 0.355615 0.055556 0.069519
1 0.631481 0.398396 0.055556 0.058824
1 0.620370 0.435829 0.048148 0.069519
1 0.600000 0.470588 0.051852 0.064171
1 0.592593 0.502674 0.059259 0.064171
1 0.535185 0.606952 0.048148 0.069519
1 0.522222 0.644385 0.059259 0.080214
1 0.503704 0.692513 0.059259 0.080214
1 0.477778 0.735294 0.059259 0.080214
1 0.450000 0.786096 0.062963 0.074866
1 0.427778 0.842246 0.055556 0.080214
1 0.403704 0.887701 0.059259 0.064171
1 0.388889 0.933155 0.059259 0.069519
1 0.364815 0.967914 0.048148 0.064171
1 0.888889 0.058824 0.051852 0.064171
1 0.874074 0.104278 0.059259 0.069519
1 0.861111 0.147059 0.055556 0.058824
1 0.850000 0.179144 0.048148 0.069519
1 0.838889 0.224599 0.055556 0.064171
1 0.822222 0.280749 0.059259 0.069519
1 0.801852 0.334225 0.055556 0.080214
1 0.787037 0.395722 0.055556 0.064171
1 0.777778 0.427807 0.051852 0.064171
1 0.757407 0.494652 0.048148 0.069519
1 0.720370 0.606952 0.048148 0.069519
1 0.709259 0.641711 0.055556 0.064171
1 0.694444 0.684492 0.055556 0.064171
1 0.677778 0.719251 0.059259 0.069519
1 0.664815 0.762032 0.055556 0.058824
1 0.653704 0.799465 0.055556 0.069519
1 0.638889 0.834225 0.055556 0.064171
1 0.622222 0.882353 0.059259 0.064171
1 0.603704 0.927807 0.059259 0.069519
1 0.594444 0.970588 0.055556 0.058824
1 0.564815 0.556150 0.062963 0.074866
1 0.738889 0.548128 0.055556 0.069519
1 0.707407 0.224599 0.059259 0.085561
