1 0.650709 0.036313 0.039007 0.050279
1 0.622340 0.067039 0.039007 0.055866
1 0.593972 0.100559 0.031915 0.055866
1 0.565603 0.128492 0.039007 0.067039
1 0.535461 0.148045 0.035461 0.072626
1 0.503546 0.173184 0.035461 0.067039
1 0.480496 0.201117 0.031915 0.055866
1 0.459220 0.220670 0.031915 0.061453
1 0.439716 0.245810 0.035461 0.055866
1 0.418440 0.270950 0.028369 0.050279
1 0.404255 0.304469 0.035461 0.050279
1 0.386525 0.329609 0.035461 0.044693
1 0.374113 0.365922 0.039007 0.050279
1 0.377660 0.075419 0.039007 0.061453
1 0.271277 0.251397 0.039007 0.055866
1 0.242908 0.265363 0.039007 0.050279
1 0.216312 0.282123 0.035461 0.050279
1 0.154255 0.296089 0.031915 0.055866
1 0.131206 0.307263 0.035461 0.055866
1 0.104610 0.321229 0.039007 0.061453
1 0.085106 0.340782 0.035461 0.044693
1 0.058511 0.391061 0.039007 0.044693
1 0.189716 0.586592 0.031915 0.055866
1 0.164894 0.589385 0.024823 0.039106
1 0.147163 0.600559 0.031915 0.050279
1 0.124113 0.611732 0.035461 0.050279
1 0.102837 0.631285 0.035461 0.044693
1 0.085106 0.650838 0.035461 0.050279
1 0.067376 0.681564 0.035461 0.055866
1 0.056738 0.717877 0.035461 0.050279
1 0.046099 0.745810 0.035461 0.039106
1 0.040780 0.787709 0.046099 0.055866
1 0.037234 0.840782 0.039007 0.050279
1 0.054965 0.932961 0.039007 0.055866
1 0.069149 0.960894 0.039007 0.044693
1 0.262411 0.726257 0.028369 0.055866
1 0.301418 0.745810 0.028369 0.050279
1 0.920213 0.058659 0.046099 0.061453
1 0.907801 0.097765 0.035461 0.061453
1 0.891844 0.131285 0.031915 0.050279
1 0.801418 0.265363 0.035461 0.061453
1 0.780142 0.290503 0.035461 0.055866
1 0.760638 0.312849 0.031915 0.055866
1 0.741135 0.340782 0.028369 0.055866
1 0.843972 0.251397 0.049645 0.055866
1 0.835106 0.307263 0.039007 0.055866
1 0.824468 0.354749 0.039007 0.061453
1 0.803191 0.396648 0.046099 0.055866
1 0.728723 0.550279 0.039007 0.061453
1 0.709220 0.572626 0.028369 0.039106
1 0.693262 0.592179 0.031915 0.044693
1 0.675532 0.611732 0.031915 0.050279
1 0.661348 0.636872 0.024823 0.033520
1 0.648936 0.653631 0.028369 0.044693
1 0.634752 0.675978 0.028369 0.044693
1 0.980496 0.832402 0.024823 0.055866
1 0.957447 0.835196 0.028369 0.061453
1 0.934397 0.835196 0.024823 0.061453
1 0.909574 0.843575 0.024823 0.055866
1 0.890071 0.843575 0.028369 0.055866
1 0.868794 0.849162 0.021277 0.067039
1 0.847518 0.851955 0.028369 0.061453
1 0.822695 0.857542 0.035461 0.061453
1 0.751773 0.879888 0.028369 0.061453
1 0.732270 0.885475 0.024823 0.061453
1 0.670213 0.896648 0.028369 0.072626
1 0.643617 0.893855 0.031915 0.067039
1 0.395390 0.807263 0.046099 0.083799
1 0.425532 0.824022 0.028369 0.050279
