1 0.410000 0.071053 0.020000 0.036842
1 0.400000 0.094737 0.013333 0.031579
1 0.326667 0.176316 0.020000 0.036842
1 0.310000 0.202632 0.020000 0.026316
1 0.246667 0.239474 0.020000 0.026316
1 0.480000 0.039474 0.026667 0.026316
1 0.480000 0.068421 0.026667 0.031579
1 0.473333 0.105263 0.020000 0.052632
1 0.213333 0.160526 0.020000 0.036842
1 0.316667 0.244737 0.020000 0.026316
1 0.288333 0.263158 0.016667 0.031579
1 0.320000 0.281579 0.020000 0.036842
1 0.228333 0.342105 0.023333 0.031579
1 0.251667 0.344737 0.023333 0.026316
1 0.265000 0.336842 0.016667 0.021053
1 0.285000 0.334211 0.023333 0.026316
1 0.341667 0.300000 0.016667 0.031579
1 0.360000 0.292105 0.020000 0.036842
1 0.378333 0.281579 0.023333 0.026316
1 0.398333 0.276316 0.023333 0.026316
1 0.430000 0.263158 0.020000 0.031579
1 0.485000 0.255263 0.023333 0.036842
1 0.508333 0.255263 0.016667 0.036842
1 0.555000 0.255263 0.023333 0.026316
1 0.631667 0.184211 0.023333 0.042105
1 0.618333 0.213158 0.023333 0.036842
1 0.598333 0.260526 0.023333 0.026316
1 0.590000 0.297368 0.020000 0.026316
1 0.578333 0.323684 0.023333 0.026316
1 0.570000 0.350000 0.020000 0.026316
1 0.570000 0.394737 0.026667 0.031579
1 0.560000 0.421053 0.020000 0.031579
1 0.556667 0.457895 0.026667 0.031579
1 0.555000 0.494737 0.023333 0.031579
1 0.553333 0.536842 0.020000 0.042105
1 0.560000 0.576316 0.026667 0.036842
1 0.561667 0.613158 0.023333 0.036842
1 0.565000 0.650000 0.030000 0.047368
1 0.415000 0.328947 0.030000 0.036842
1 0.420000 0.363158 0.020000 0.031579
1 0.428333 0.392105 0.030000 0.036842
1 0.430000 0.418421 0.020000 0.026316
1 0.440000 0.452632 0.013333 0.031579
1 0.451667 0.481579 0.016667 0.036842
1 0.686667 0.310526 0.026667 0.042105
1 0.671667 0.331579 0.023333 0.042105
1 0.653333 0.365789 0.033333 0.047368
1 0.640000 0.397368 0.026667 0.036842
1 0.636667 0.431579 0.020000 0.031579
1 0.615000 0.457895 0.023333 0.031579
1 0.600000 0.481579 0.020000 0.026316
1 0.485000 0.528947 0.016667 0.026316
1 0.505000 0.547368 0.023333 0.031579
1 0.585000 0.515789 0.023333 0.052632
1 0.530000 0.581579 0.020000 0.036842
1 0.510000 0.600000 0.020000 0.031579
1 0.456667 0.623684 0.026667 0.036842
1 0.431667 0.626316 0.023333 0.042105
1 0.408333 0.628947 0.023333 0.047368
1 0.385000 0.626316 0.023333 0.031579
1 0.365000 0.626316 0.016667 0.042105
1 0.341667 0.623684 0.023333 0.036842
1 0.318333 0.631579 0.023333 0.031579
1 0.296667 0.639474 0.026667 0.036842
1 0.271667 0.650000 0.030000 0.036842
1 0.398333 0.457895 0.023333 0.031579
1 0.226667 0.492105 0.020000 0.036842
1 0.248333 0.484211 0.023333 0.031579
1 0.320000 0.481579 0.020000 0.026316
1 0.341667 0.478947 0.023333 0.031579
1 0.361667 0.481579 0.023333 0.036842
1 0.095000 0.613158 0.023333 0.036842
1 0.523333 0.321053 0.020000 0.031579
1 0.231667 0.655263 0.023333 0.036842
1 0.131667 0.739474 0.016667 0.036842
1 0.118333 0.763158 0.023333 0.031579
1 0.106667 0.784211 0.020000 0.031579
1 0.093333 0.802632 0.020000 0.026316
1 0.165000 0.755263 0.016667 0.036842
1 0.926667 0.171053 0.020000 0.036842
1 0.943333 0.168421 0.013333 0.042105
1 0.968333 0.184211 0.016667 0.042105
1 0.928333 0.426316 0.030000 0.052632
1 0.908333 0.447368 0.016667 0.042105
1 0.871667 0.481579 0.023333 0.047368
1 0.773333 0.544737 0.020000 0.036842
1 0.800000 0.536842 0.020000 0.042105
1 0.308333 0.689474 0.023333 0.042105
1 0.331667 0.686842 0.023333 0.036842
1 0.356667 0.686842 0.026667 0.036842
1 0.286667 0.778947 0.020000 0.042105
1 0.308333 0.776316 0.023333 0.036842
1 0.330000 0.776316 0.020000 0.036842
1 0.350000 0.776316 0.020000 0.026316
1 0.368333 0.773684 0.016667 0.031579
1 0.390000 0.765789 0.026667 0.026316
1 0.498333 0.731579 0.023333 0.042105
1 0.518333 0.718421 0.016667 0.036842
1 0.608333 0.671053 0.023333 0.036842
1 0.625000 0.655263 0.023333 0.047368
1 0.675000 0.621053 0.016667 0.042105
1 0.691667 0.607895 0.023333 0.036842
1 0.731667 0.578947 0.023333 0.031579
1 0.738333 0.360526 0.023333 0.026316
1 0.741667 0.389474 0.023333 0.031579
1 0.845000 0.136842 0.023333 0.031579
1 0.971667 0.376316 0.023333 0.036842
1 0.950000 0.400000 0.026667 0.042105
1 0.621667 0.765789 0.016667 0.026316
1 0.635000 0.794737 0.016667 0.031579
1 0.646667 0.823684 0.020000 0.026316
1 0.740000 0.431579 0.020000 0.031579
1 0.755000 0.439474 0.010000 0.036842
1 0.788333 0.460526 0.016667 0.036842
1 0.806667 0.471053 0.020000 0.036842
1 0.211667 0.221053 0.023333 0.031579
1 0.231667 0.736842 0.030000 0.042105
1 0.185000 0.760526 0.016667 0.036842
1 0.236667 0.773684 0.020000 0.031579
1 0.068333 0.844737 0.023333 0.036842
