1 0.031667 0.045833 0.030000 0.041667
1 0.058333 0.054167 0.023333 0.033333
1 0.081667 0.056250 0.023333 0.029167
1 0.106667 0.064583 0.026667 0.037500
1 0.133333 0.077083 0.020000 0.037500
1 0.155000 0.093750 0.016667 0.037500
1 0.173333 0.104167 0.020000 0.033333
1 0.198333 0.102083 0.023333 0.029167
1 0.220000 0.108333 0.026667 0.033333
1 0.250000 0.102083 0.033333 0.037500
1 0.276667 0.100000 0.020000 0.025000
1 0.293333 0.106250 0.020000 0.029167
1 0.310000 0.110417 0.020000 0.029167
1 0.330000 0.110417 0.020000 0.029167
1 0.348333 0.116667 0.023333 0.033333
1 0.368333 0.108333 0.016667 0.025000
1 0.421667 0.112500 0.023333 0.033333
1 0.443333 0.120833 0.026667 0.033333
1 0.543333 0.022917 0.033333 0.029167
1 0.531667 0.050000 0.030000 0.033333
1 0.516667 0.070833 0.033333 0.033333
1 0.481667 0.137500 0.030000 0.033333
1 0.458333 0.181250 0.030000 0.037500
1 0.451667 0.214583 0.030000 0.029167
1 0.446667 0.239583 0.033333 0.029167
1 0.436667 0.291667 0.026667 0.033333
1 0.431667 0.325000 0.023333 0.025000
1 0.240000 0.366667 0.026667 0.033333
1 0.236667 0.395833 0.026667 0.025000
1 0.235000 0.422917 0.030000 0.029167
1 0.240000 0.456250 0.033333 0.037500
1 0.418333 0.362500 0.030000 0.033333
1 0.410000 0.385417 0.026667 0.029167
1 0.395000 0.420833 0.030000 0.033333
1 0.390000 0.450000 0.026667 0.025000
1 0.381667 0.466667 0.030000 0.025000
1 0.291667 0.785417 0.023333 0.029167
1 0.290000 0.739583 0.033333 0.037500
1 0.293333 0.710417 0.026667 0.029167
1 0.296667 0.687500 0.026667 0.033333
1 0.298333 0.637500 0.023333 0.033333
1 0.306667 0.612500 0.020000 0.033333
1 0.315000 0.593750 0.016667 0.029167
1 0.323333 0.566667 0.020000 0.033333
1 0.355000 0.516667 0.023333 0.033333
1 0.325000 0.681250 0.023333 0.029167
1 0.331667 0.708333 0.030000 0.025000
1 0.336667 0.733333 0.026667 0.033333
1 0.340000 0.758333 0.026667 0.025000
1 0.341667 0.785417 0.030000 0.037500
1 0.343333 0.822917 0.033333 0.037500
1 0.343333 0.854167 0.033333 0.033333
1 0.645000 0.018750 0.023333 0.029167
1 0.665000 0.033333 0.023333 0.041667
1 0.681667 0.060417 0.023333 0.037500
1 0.703333 0.085417 0.026667 0.029167
1 0.671667 0.283333 0.030000 0.041667
1 0.671667 0.318750 0.023333 0.037500
1 0.666667 0.345833 0.026667 0.025000
1 0.671667 0.372917 0.030000 0.037500
1 0.666667 0.412500 0.026667 0.033333
1 0.665000 0.439583 0.030000 0.029167
1 0.666667 0.472917 0.026667 0.037500
1 0.656667 0.500000 0.026667 0.025000
1 0.655000 0.529167 0.030000 0.033333
1 0.651667 0.554167 0.023333 0.033333
1 0.650000 0.577083 0.026667 0.020833
1 0.646667 0.604167 0.026667 0.033333
1 0.636667 0.633333 0.026667 0.033333
1 0.575000 0.489583 0.023333 0.029167
1 0.568333 0.512500 0.023333 0.025000
1 0.556667 0.541667 0.026667 0.033333
1 0.543333 0.566667 0.026667 0.033333
1 0.540000 0.602083 0.026667 0.037500
1 0.383333 0.581250 0.026667 0.029167
1 0.400000 0.597917 0.020000 0.029167
1 0.415000 0.606250 0.023333 0.029167
1 0.441667 0.643750 0.023333 0.037500
1 0.455000 0.666667 0.023333 0.033333
1 0.465000 0.689583 0.016667 0.037500
1 0.538333 0.812500 0.030000 0.033333
1 0.521667 0.772917 0.030000 0.029167
1 0.503333 0.750000 0.026667 0.033333
1 0.535000 0.658333 0.023333 0.033333
1 0.983333 0.275000 0.020000 0.033333
1 0.971667 0.302083 0.023333 0.029167
1 0.960000 0.327083 0.026667 0.029167
1 0.950000 0.350000 0.026667 0.033333
1 0.935000 0.368750 0.023333 0.029167
1 0.918333 0.383333 0.023333 0.033333
1 0.896667 0.406250 0.026667 0.037500
1 0.870000 0.414583 0.026667 0.037500
1 0.850000 0.420833 0.020000 0.041667
1 0.825000 0.427083 0.030000 0.037500
1 0.798333 0.425000 0.023333 0.033333
1 0.758333 0.427083 0.023333 0.037500
1 0.843333 0.691667 0.033333 0.041667
1 0.831667 0.718750 0.030000 0.029167
1 0.805000 0.766667 0.030000 0.033333
1 0.793333 0.789583 0.026667 0.029167
1 0.686667 0.614583 0.033333 0.037500
1 0.866667 0.643750 0.026667 0.029167
1 0.858333 0.668750 0.030000 0.029167
1 0.246667 0.489583 0.026667 0.029167
1 0.775000 0.837500 0.023333 0.033333
1 0.568333 0.866667 0.023333 0.033333
1 0.735000 0.331250 0.030000 0.045833
