1 0.528340 0.593137 0.052632 0.058824
1 0.536437 0.642157 0.052632 0.049020
1 0.566802 0.696078 0.064777 0.049020
1 0.576923 0.740196 0.052632 0.049020
1 0.589069 0.781863 0.052632 0.053922
1 0.362348 0.078431 0.052632 0.058824
1 0.380567 0.125000 0.048583 0.053922
1 0.414980 0.225490 0.052632 0.058824
1 0.443320 0.291667 0.060729 0.044118
1 0.487854 0.370098 0.052632 0.044118
1 0.504049 0.394608 0.052632 0.044118
1 0.605263 0.825980 0.044534 0.044118
1 0.670040 0.950980 0.052632 0.049020
1 0.613360 0.046569 0.060729 0.044118
1 0.627530 0.110294 0.056680 0.044118
1 0.637652 0.142157 0.052632 0.049020
1 0.645749 0.174020 0.060729 0.034314
1 0.653846 0.200980 0.060729 0.039216
1 0.676113 0.296569 0.056680 0.044118
1 0.690283 0.325980 0.052632 0.034314
1 0.726721 0.431373 0.060729 0.049020
1 0.742915 0.477941 0.060729 0.063725
1 0.755061 0.544118 0.052632 0.049020
1 0.781377 0.654412 0.056680 0.053922
1 0.791498 0.705882 0.052632 0.049020
1 0.801619 0.762255 0.048583 0.073529
1 0.811741 0.833333 0.060729 0.068627
1 0.811741 0.889706 0.060729 0.053922
1 0.811741 0.938725 0.060729 0.044118
1 0.771255 0.595588 0.060729 0.063725
1 0.663968 0.250000 0.056680 0.058824
1 0.396761 0.176471 0.056680 0.068627
1 0.356275 0.629902 0.048583 0.063725
