1 0.381667 0.237179 0.023333 0.038462
1 0.401667 0.247863 0.023333 0.034188
1 0.438333 0.267094 0.043333 0.038462
1 0.470000 0.288462 0.026667 0.047009
1 0.505000 0.081197 0.030000 0.051282
1 0.535000 0.098291 0.030000 0.051282
1 0.591667 0.130342 0.030000 0.038462
1 0.616667 0.155983 0.033333 0.038462
1 0.633333 0.181624 0.026667 0.029915
1 0.655000 0.143162 0.023333 0.029915
1 0.670000 0.183761 0.026667 0.051282
1 0.786667 0.136752 0.033333 0.025641
1 0.800000 0.168803 0.026667 0.038462
1 0.821667 0.256410 0.030000 0.034188
1 0.808333 0.286325 0.030000 0.034188
1 0.785000 0.301282 0.030000 0.038462
1 0.803333 0.329060 0.026667 0.042735
1 0.830000 0.311966 0.033333 0.042735
1 0.918333 0.333333 0.030000 0.042735
1 0.830000 0.395299 0.026667 0.038462
1 0.853333 0.420940 0.033333 0.038462
1 0.863333 0.450855 0.026667 0.038462
1 0.866667 0.566239 0.026667 0.038462
1 0.851667 0.589744 0.030000 0.034188
1 0.840000 0.611111 0.026667 0.034188
1 0.826667 0.630342 0.026667 0.029915
1 0.816667 0.660256 0.026667 0.038462
1 0.210000 0.042735 0.033333 0.042735
1 0.228333 0.061966 0.030000 0.038462
1 0.221667 0.155983 0.036667 0.047009
1 0.238333 0.136752 0.036667 0.051282
1 0.128333 0.121795 0.030000 0.047009
1 0.360000 0.029915 0.040000 0.042735
1 0.385000 0.183761 0.030000 0.042735
1 0.341667 0.198718 0.030000 0.029915
1 0.358333 0.271368 0.030000 0.038462
1 0.386667 0.282051 0.026667 0.042735
1 0.451667 0.339744 0.036667 0.038462
1 0.465000 0.369658 0.023333 0.038462
1 0.411667 0.373932 0.030000 0.038462
1 0.370000 0.435897 0.033333 0.034188
1 0.403333 0.448718 0.026667 0.042735
1 0.355000 0.478632 0.023333 0.034188
1 0.378333 0.487179 0.023333 0.034188
1 0.398333 0.497863 0.023333 0.038462
1 0.410000 0.517094 0.020000 0.025641
1 0.493333 0.260684 0.020000 0.034188
1 0.516667 0.275641 0.020000 0.038462
1 0.538333 0.297009 0.023333 0.038462
1 0.510000 0.418803 0.026667 0.034188
1 0.496667 0.448718 0.026667 0.034188
1 0.485000 0.487179 0.030000 0.042735
1 0.266667 0.420940 0.040000 0.047009
1 0.286667 0.448718 0.033333 0.034188
1 0.295000 0.482906 0.023333 0.034188
1 0.336667 0.348291 0.040000 0.038462
1 0.361667 0.356838 0.023333 0.038462
1 0.386667 0.361111 0.026667 0.038462
1 0.356667 0.525641 0.026667 0.034188
1 0.380000 0.534188 0.020000 0.034188
1 0.403333 0.555556 0.026667 0.034188
1 0.430000 0.532051 0.026667 0.029915
1 0.440000 0.561966 0.026667 0.029915
1 0.368333 0.688034 0.036667 0.034188
1 0.368333 0.717949 0.030000 0.025641
1 0.376667 0.745726 0.026667 0.038462
1 0.376667 0.784188 0.026667 0.029915
1 0.291667 0.553419 0.030000 0.047009
1 0.306667 0.606838 0.026667 0.042735
1 0.021667 0.702991 0.030000 0.047009
1 0.050000 0.726496 0.026667 0.051282
1 0.078333 0.732906 0.036667 0.055556
1 0.113333 0.660256 0.033333 0.038462
1 0.138333 0.773504 0.023333 0.025641
1 0.153333 0.814103 0.020000 0.029915
1 0.163333 0.844017 0.026667 0.038462
1 0.145000 0.700855 0.036667 0.051282
1 0.155000 0.735043 0.030000 0.034188
1 0.275000 0.737179 0.023333 0.029915
1 0.301667 0.758547 0.030000 0.029915
1 0.233333 0.564103 0.026667 0.034188
1 0.205000 0.487179 0.030000 0.034188
1 0.191667 0.521368 0.030000 0.034188
1 0.185000 0.551282 0.030000 0.034188
1 0.048333 0.365385 0.030000 0.029915
1 0.055000 0.395299 0.036667 0.038462
1 0.060000 0.420940 0.026667 0.029915
1 0.186667 0.282051 0.026667 0.034188
1 0.223333 0.241453 0.033333 0.038462
1 0.158333 0.311966 0.023333 0.025641
1 0.163333 0.361111 0.026667 0.038462
1 0.153333 0.429487 0.033333 0.038462
1 0.051667 0.254274 0.036667 0.047009
1 0.045000 0.290598 0.036667 0.034188
1 0.046667 0.329060 0.033333 0.042735
1 0.570000 0.339744 0.026667 0.038462
1 0.611667 0.299145 0.023333 0.042735
1 0.615000 0.329060 0.023333 0.034188
1 0.616667 0.356838 0.026667 0.038462
1 0.580000 0.192308 0.033333 0.051282
1 0.605000 0.228632 0.030000 0.038462
1 0.465000 0.128205 0.016667 0.042735
1 0.486667 0.136752 0.020000 0.034188
1 0.505000 0.141026 0.023333 0.034188
1 0.571667 0.508547 0.023333 0.034188
1 0.546667 0.621795 0.026667 0.038462
1 0.601667 0.632479 0.030000 0.034188
1 0.601667 0.664530 0.023333 0.038462
1 0.613333 0.696581 0.020000 0.034188
1 0.523333 0.559829 0.033333 0.051282
1 0.626667 0.480769 0.033333 0.047009
1 0.833333 0.805556 0.026667 0.029915
1 0.810000 0.809829 0.026667 0.029915
1 0.500000 0.807692 0.026667 0.034188
1 0.505000 0.835470 0.030000 0.038462
1 0.441667 0.769231 0.030000 0.042735
1 0.423333 0.790598 0.026667 0.034188
1 0.406667 0.816239 0.026667 0.034188
1 0.346667 0.797009 0.033333 0.047009
1 0.270000 0.839744 0.026667 0.029915
1 0.271667 0.871795 0.036667 0.034188
1 0.563333 0.570513 0.026667 0.038462
1 0.748333 0.564103 0.030000 0.042735
1 0.975000 0.608974 0.030000 0.038462
1 0.731667 0.839744 0.030000 0.047009
1 0.758333 0.384615 0.030000 0.042735
1 0.108333 0.057692 0.030000 0.029915
1 0.110000 0.089744 0.033333 0.034188
1 0.176667 0.087607 0.026667 0.038462
1 0.176667 0.044872 0.033333 0.047009
1 0.016667 0.820513 0.026667 0.042735
1 0.331667 0.269231 0.030000 0.034188
1 0.300000 0.232906 0.033333 0.038462
1 0.271667 0.162393 0.030000 0.042735
