1 0.476695 0.257009 0.038136 0.037383
1 0.345339 0.315421 0.046610 0.042056
1 0.224576 0.432243 0.033898 0.032710
1 0.260593 0.504673 0.029661 0.028037
1 0.588983 0.130841 0.033898 0.037383
1 0.603814 0.231308 0.046610 0.042056
1 0.694915 0.245327 0.033898 0.032710
1 0.646186 0.217290 0.029661 0.032710
1 0.726695 0.362150 0.038136 0.042056
1 0.675847 0.303738 0.029661 0.037383
1 0.565678 0.264019 0.038136 0.032710
1 0.555085 0.210280 0.042373 0.037383
1 0.608051 0.226636 0.038136 0.032710
1 0.588983 0.364486 0.042373 0.046729
1 0.512712 0.345794 0.042373 0.037383
1 0.434322 0.495327 0.038136 0.037383
1 0.411017 0.439252 0.033898 0.037383
1 0.381356 0.464953 0.042373 0.042056
1 0.324153 0.443925 0.038136 0.037383
1 0.436441 0.591121 0.042373 0.042056
1 0.569915 0.612150 0.038136 0.046729
1 0.688559 0.528037 0.038136 0.046729
1 0.500000 0.490654 0.033898 0.037383
1 0.677966 0.628505 0.033898 0.042056
1 0.671610 0.696262 0.029661 0.028037
1 0.669492 0.782710 0.033898 0.032710
1 0.500000 0.392523 0.033898 0.037383
1 0.313559 0.394860 0.033898 0.042056
1 0.286017 0.411215 0.038136 0.037383
1 0.254237 0.644860 0.033898 0.037383
1 0.311441 0.544393 0.029661 0.042056
1 0.334746 0.595794 0.042373 0.032710
1 0.625000 0.551402 0.038136 0.037383
1 0.730932 0.528037 0.038136 0.046729
1 0.540254 0.408879 0.038136 0.042056
1 0.319915 0.768692 0.038136 0.042056
