1 0.303922 0.250000 0.027451 0.035354
1 0.239216 0.285354 0.031373 0.035354
1 0.192157 0.578283 0.031373 0.035354
1 0.282353 0.641414 0.031373 0.040404
1 0.256863 0.747475 0.035294 0.050505
1 0.419608 0.664141 0.031373 0.035354
1 0.415686 0.717172 0.031373 0.040404
1 0.360784 0.717172 0.031373 0.030303
1 0.454902 0.684343 0.031373 0.035354
1 0.294118 0.590909 0.023529 0.030303
1 0.235294 0.474747 0.039216 0.040404
1 0.184314 0.419192 0.031373 0.040404
1 0.298039 0.368687 0.031373 0.040404
1 0.313725 0.404040 0.023529 0.040404
1 0.329412 0.520202 0.023529 0.030303
1 0.394118 0.565657 0.027451 0.040404
1 0.429412 0.575758 0.035294 0.040404
1 0.370588 0.186869 0.035294 0.040404
1 0.352941 0.224747 0.031373 0.035354
1 0.386275 0.333333 0.027451 0.040404
1 0.384314 0.638889 0.039216 0.045455
1 0.331373 0.588384 0.035294 0.035354
1 0.166667 0.631313 0.027451 0.040404
1 0.305882 0.777778 0.031373 0.040404
1 0.376471 0.444444 0.031373 0.040404
1 0.400000 0.510101 0.023529 0.030303
1 0.515686 0.323232 0.027451 0.040404
1 0.539216 0.348485 0.027451 0.040404
1 0.511765 0.194444 0.027451 0.045455
1 0.429412 0.191919 0.035294 0.030303
1 0.488235 0.232323 0.035294 0.040404
1 0.552941 0.202020 0.031373 0.030303
1 0.578431 0.219697 0.027451 0.035354
1 0.641176 0.328283 0.035294 0.040404
1 0.586275 0.411616 0.027451 0.035354
1 0.588235 0.378788 0.031373 0.040404
1 0.478431 0.179293 0.023529 0.035354
1 0.613725 0.250000 0.027451 0.035354
1 0.450980 0.381313 0.031373 0.035354
1 0.543137 0.409091 0.035294 0.040404
1 0.411765 0.454545 0.031373 0.040404
1 0.525490 0.527778 0.031373 0.045455
1 0.943137 0.358586 0.027451 0.040404
1 0.896078 0.214646 0.027451 0.035354
1 0.913725 0.371212 0.031373 0.035354
1 0.894118 0.308081 0.039216 0.040404
1 0.578431 0.295455 0.027451 0.035354
1 0.682353 0.345960 0.023529 0.035354
1 0.649020 0.378788 0.035294 0.040404
1 0.466667 0.479798 0.031373 0.040404
1 0.456863 0.520202 0.027451 0.040404
1 0.974510 0.398990 0.035294 0.040404
