1 0.234568 0.379227 0.041152 0.053140
1 0.253086 0.330918 0.045267 0.053140
1 0.292181 0.306763 0.041152 0.053140
1 0.325103 0.253623 0.041152 0.043478
1 0.393004 0.256039 0.037037 0.048309
1 0.456790 0.200483 0.032922 0.043478
1 0.487654 0.173913 0.037037 0.038647
1 0.563786 0.198068 0.041152 0.057971
1 0.522634 0.154589 0.041152 0.048309
1 0.596708 0.193237 0.041152 0.057971
1 0.633745 0.183575 0.041152 0.057971
1 0.755144 0.272947 0.045267 0.062802
1 0.623457 0.268116 0.053498 0.053140
1 0.512346 0.246377 0.045267 0.048309
1 0.450617 0.251208 0.037037 0.048309
1 0.687243 0.280193 0.041152 0.048309
1 0.767490 0.340580 0.045267 0.043478
1 0.773663 0.432367 0.041152 0.043478
1 0.833333 0.461353 0.045267 0.043478
1 0.831276 0.516908 0.049383 0.048309
1 0.372428 0.335749 0.037037 0.043478
1 0.475309 0.367150 0.037037 0.057971
1 0.689300 0.388889 0.037037 0.053140
1 0.510288 0.306763 0.049383 0.053140
1 0.296296 0.391304 0.041152 0.048309
1 0.218107 0.458937 0.041152 0.048309
1 0.267490 0.466184 0.041152 0.043478
1 0.335391 0.456522 0.037037 0.053140
1 0.388889 0.384058 0.037037 0.043478
1 0.436214 0.364734 0.041152 0.062802
1 0.561728 0.352657 0.053498 0.048309
1 0.623457 0.417874 0.037037 0.053140
1 0.722222 0.442029 0.037037 0.043478
1 0.786008 0.589372 0.041152 0.057971
1 0.827160 0.608696 0.041152 0.048309
1 0.812757 0.644928 0.037037 0.053140
1 0.722222 0.519324 0.045267 0.053140
1 0.635802 0.531401 0.045267 0.057971
1 0.541152 0.415459 0.045267 0.057971
1 0.456790 0.480676 0.041152 0.053140
1 0.386831 0.524155 0.041152 0.053140
1 0.244856 0.504831 0.045267 0.043478
1 0.304527 0.538647 0.041152 0.043478
1 0.403292 0.589372 0.041152 0.057971
1 0.197531 0.599034 0.041152 0.057971
1 0.179012 0.657005 0.045267 0.057971
1 0.261317 0.688406 0.037037 0.062802
1 0.343621 0.647343 0.037037 0.048309
1 0.370370 0.695652 0.041152 0.057971
1 0.475309 0.666667 0.037037 0.057971
1 0.520576 0.555556 0.037037 0.057971
1 0.553498 0.613527 0.037037 0.057971
1 0.619342 0.666667 0.037037 0.048309
1 0.759259 0.664251 0.037037 0.043478
1 0.788066 0.700483 0.037037 0.048309
1 0.736626 0.785024 0.032922 0.043478
1 0.779835 0.806763 0.037037 0.038647
1 0.738683 0.826087 0.037037 0.038647
1 0.625514 0.876812 0.041152 0.053140
1 0.516461 0.816425 0.037037 0.057971
1 0.563786 0.736715 0.041152 0.062802
1 0.454733 0.765700 0.045267 0.053140
1 0.187243 0.809179 0.037037 0.062802
1 0.230453 0.886473 0.041152 0.062802
1 0.656379 0.942029 0.045267 0.048309
1 0.683128 0.879227 0.041152 0.048309
1 0.458848 0.881643 0.045267 0.053140
1 0.547325 0.896135 0.041152 0.062802
1 0.547325 0.971014 0.041152 0.048309
1 0.458848 0.968599 0.037037 0.053140
