1 0.556911 0.224390 0.048780 0.058537
1 0.605691 0.275610 0.056911 0.063415
1 0.508130 0.253659 0.048780 0.048780
1 0.471545 0.295122 0.048780 0.063415
1 0.402439 0.314634 0.056911 0.063415
1 0.487805 0.217073 0.040650 0.043902
1 0.630081 0.339024 0.048780 0.053659
1 0.536585 0.341463 0.040650 0.068293
1 0.329268 0.421951 0.040650 0.063415
1 0.390244 0.436585 0.056911 0.063415
1 0.396341 0.509756 0.044715 0.063415
1 0.280488 0.478049 0.040650 0.068293
1 0.319106 0.541463 0.044715 0.048780
1 0.436992 0.580488 0.044715 0.068293
1 0.508130 0.578049 0.040650 0.082927
1 0.457317 0.470732 0.052846 0.063415
1 0.380081 0.624390 0.044715 0.068293
1 0.345528 0.692683 0.048780 0.048780
1 0.404472 0.731707 0.044715 0.068293
1 0.567073 0.639024 0.036585 0.058537
1 0.495935 0.675610 0.040650 0.053659
1 0.628049 0.709756 0.044715 0.063415
1 0.640244 0.409756 0.044715 0.068293
1 0.701220 0.360976 0.044715 0.048780
1 0.670732 0.487805 0.048780 0.068293
1 0.697154 0.556098 0.052846 0.058537
1 0.579268 0.514634 0.036585 0.063415
1 0.634146 0.592683 0.040650 0.043902
1 0.758130 0.517073 0.044715 0.048780
1 0.745935 0.614634 0.044715 0.058537
1 0.684959 0.636585 0.052846 0.063415
1 0.569106 0.775610 0.048780 0.048780
1 0.536585 0.724390 0.040650 0.053659
1 0.516260 0.804878 0.056911 0.058537
1 0.430894 0.795122 0.048780 0.048780
1 0.264228 0.536585 0.040650 0.058537
1 0.292683 0.721951 0.040650 0.048780
