1 0.203922 0.542929 0.039216 0.035354
1 0.180392 0.570707 0.039216 0.040404
1 0.268627 0.537879 0.035294 0.045455
1 0.166667 0.618687 0.035294 0.055556
1 0.327451 0.489899 0.035294 0.040404
1 0.350980 0.469697 0.035294 0.040404
1 0.437255 0.532828 0.027451 0.035354
1 0.431373 0.553030 0.031373 0.035354
1 0.462745 0.606061 0.039216 0.050505
1 0.407843 0.648990 0.039216 0.035354
1 0.300000 0.633838 0.035294 0.055556
1 0.201961 0.702020 0.043137 0.050505
1 0.307843 0.704545 0.035294 0.045455
1 0.274510 0.732323 0.039216 0.040404
1 0.623529 0.227273 0.023529 0.050505
1 0.609804 0.252525 0.027451 0.050505
1 0.666667 0.224747 0.031373 0.055556
1 0.872549 0.287879 0.043137 0.050505
1 0.815686 0.260101 0.039216 0.045455
1 0.780392 0.297980 0.031373 0.050505
1 0.739216 0.270202 0.035294 0.055556
1 0.662745 0.373737 0.031373 0.050505
1 0.609804 0.320707 0.027451 0.055556
1 0.674510 0.323232 0.031373 0.040404
1 0.860784 0.431818 0.043137 0.045455
1 0.884314 0.396465 0.035294 0.045455
1 0.723529 0.358586 0.035294 0.050505
1 0.754902 0.406566 0.035294 0.045455
