1 0.490566 0.264368 0.056604 0.068966
1 0.561321 0.247126 0.066038 0.080460
1 0.632075 0.310345 0.075472 0.091954
1 0.764151 0.264368 0.075472 0.068966
1 0.665094 0.183908 0.066038 0.068966
1 0.561321 0.143678 0.066038 0.080460
1 0.297170 0.252874 0.066038 0.068966
1 0.391509 0.218391 0.047170 0.068966
1 0.179245 0.281609 0.075472 0.080460
1 0.155660 0.436782 0.066038 0.068966
1 0.113208 0.482759 0.075472 0.091954
1 0.117925 0.620690 0.066038 0.114943
1 0.207547 0.545977 0.056604 0.103448
1 0.179245 0.614943 0.056604 0.057471
1 0.202830 0.718391 0.066038 0.080460
1 0.287736 0.793103 0.084906 0.091954
1 0.306604 0.706897 0.066038 0.080460
1 0.292453 0.614943 0.075472 0.080460
1 0.410377 0.580460 0.066038 0.080460
1 0.396226 0.637931 0.056604 0.080460
1 0.476415 0.706897 0.066038 0.080460
1 0.405660 0.712644 0.056604 0.068966
1 0.457547 0.770115 0.066038 0.091954
1 0.311321 0.454023 0.075472 0.080460
1 0.400943 0.431034 0.066038 0.103448
1 0.476415 0.477011 0.084906 0.080460
1 0.273585 0.528736 0.075472 0.091954
1 0.528302 0.419540 0.056604 0.080460
1 0.556604 0.339080 0.075472 0.080460
1 0.594340 0.413793 0.056604 0.068966
1 0.844340 0.396552 0.066038 0.080460
1 0.778302 0.362069 0.066038 0.080460
1 0.716981 0.390805 0.075472 0.068966
1 0.669811 0.436782 0.056604 0.068966
1 0.849057 0.500000 0.075472 0.080460
1 0.570755 0.563218 0.066038 0.091954
1 0.542453 0.626437 0.047170 0.080460
1 0.783019 0.626437 0.075472 0.080460
1 0.665094 0.683908 0.066038 0.080460
1 0.650943 0.614943 0.056604 0.080460
1 0.716981 0.637931 0.075472 0.080460
1 0.735849 0.500000 0.075472 0.103448
1 0.622642 0.787356 0.075472 0.080460
1 0.391509 0.798851 0.066038 0.080460
1 0.745283 0.724138 0.056604 0.091954
