1 0.264228 0.541463 0.040650 0.039024
1 0.235772 0.565854 0.040650 0.029268
1 0.567073 0.224390 0.036585 0.039024
1 0.693089 0.287805 0.028455 0.039024
1 0.717480 0.295122 0.028455 0.043902
1 0.684959 0.343902 0.028455 0.034146
1 0.717480 0.336585 0.028455 0.039024
1 0.851626 0.473171 0.028455 0.039024
1 0.847561 0.504878 0.028455 0.034146
1 0.786585 0.458537 0.028455 0.039024
1 0.804878 0.524390 0.024390 0.034146
1 0.833333 0.521951 0.032520 0.039024
1 0.656504 0.395122 0.028455 0.039024
1 0.760163 0.600000 0.032520 0.058537
1 0.705285 0.553659 0.028455 0.043902
1 0.691057 0.619512 0.032520 0.039024
1 0.373984 0.570732 0.024390 0.039024
1 0.317073 0.768293 0.024390 0.043902
1 0.193089 0.539024 0.036585 0.043902
1 0.180894 0.582927 0.036585 0.043902
1 0.182927 0.626829 0.040650 0.043902
1 0.288618 0.602439 0.032520 0.053659
1 0.256098 0.621951 0.032520 0.043902
1 0.412602 0.568293 0.028455 0.053659
1 0.380081 0.614634 0.052846 0.039024
1 0.628049 0.441463 0.036585 0.043902
1 0.506098 0.682927 0.044715 0.039024
1 0.524390 0.763415 0.032520 0.043902
1 0.264228 0.351220 0.040650 0.048780
1 0.579268 0.275610 0.028455 0.053659
1 0.613821 0.256098 0.032520 0.043902
