1 0.340726 0.044335 0.044355 0.059113
1 0.050403 0.140394 0.052419 0.073892
1 0.241935 0.206897 0.064516 0.088670
1 0.084677 0.248768 0.056452 0.064039
1 0.387097 0.266010 0.048387 0.068966
1 0.489919 0.285714 0.052419 0.059113
1 0.405242 0.320197 0.052419 0.068966
1 0.312500 0.389163 0.036290 0.059113
1 0.193548 0.450739 0.040323 0.054187
1 0.364919 0.561576 0.044355 0.039409
1 0.370968 0.603448 0.048387 0.044335
1 0.564516 0.411330 0.040323 0.064039
1 0.699597 0.413793 0.044355 0.059113
1 0.862903 0.438424 0.032258 0.049261
1 0.633065 0.586207 0.048387 0.049261
1 0.471774 0.605911 0.056452 0.059113
1 0.532258 0.524631 0.040323 0.054187
1 0.459677 0.524631 0.048387 0.054187
1 0.508065 0.758621 0.048387 0.059113
1 0.491935 0.785714 0.040323 0.054187
1 0.564516 0.923645 0.056452 0.064039
1 0.588710 0.963054 0.056452 0.054187
1 0.616935 0.790640 0.048387 0.064039
1 0.852823 0.847291 0.052419 0.078818
1 0.725806 0.948276 0.064516 0.073892
1 0.729839 0.583744 0.048387 0.054187
1 0.661290 0.376847 0.048387 0.054187
1 0.655242 0.502463 0.052419 0.059113
1 0.435484 0.406404 0.040323 0.054187
1 0.530242 0.411330 0.036290 0.064039
1 0.973790 0.766010 0.052419 0.073892
1 0.497984 0.214286 0.044355 0.054187
