1 0.602041 0.206311 0.036735 0.043689
1 0.569388 0.199029 0.028571 0.048544
1 0.522449 0.206311 0.048980 0.043689
1 0.477551 0.264563 0.032653 0.043689
1 0.491837 0.313107 0.044898 0.043689
1 0.504082 0.356796 0.036735 0.043689
1 0.551020 0.315534 0.040816 0.048544
1 0.571429 0.342233 0.032653 0.053398
1 0.626531 0.254854 0.036735 0.043689
1 0.591837 0.296117 0.040816 0.038835
1 0.773469 0.405340 0.036735 0.043689
1 0.802041 0.461165 0.036735 0.038835
1 0.797959 0.521845 0.036735 0.043689
1 0.828571 0.521845 0.040816 0.043689
1 0.824490 0.592233 0.048980 0.058252
1 0.789796 0.638350 0.036735 0.043689
1 0.769388 0.614078 0.036735 0.053398
1 0.730612 0.635922 0.032653 0.038835
1 0.746939 0.439320 0.032653 0.043689
1 0.702041 0.560680 0.040816 0.053398
1 0.702041 0.597087 0.048980 0.038835
1 0.669388 0.478155 0.032653 0.043689
1 0.708163 0.490291 0.036735 0.048544
1 0.591837 0.466019 0.057143 0.038835
1 0.495918 0.449029 0.036735 0.043689
1 0.502041 0.495146 0.032653 0.038835
1 0.524490 0.516990 0.028571 0.053398
1 0.555102 0.521845 0.040816 0.053398
1 0.408163 0.497573 0.040816 0.033981
1 0.422449 0.531553 0.044898 0.043689
1 0.402041 0.604369 0.036735 0.033981
1 0.367347 0.495146 0.040816 0.048544
1 0.344898 0.524272 0.044898 0.038835
1 0.336735 0.565534 0.044898 0.033981
1 0.346939 0.601942 0.032653 0.038835
1 0.185714 0.587379 0.053061 0.048544
1 0.189796 0.662621 0.044898 0.053398
1 0.228571 0.640777 0.040816 0.048544
1 0.073469 0.660194 0.040816 0.038835
1 0.087755 0.713592 0.044898 0.058252
1 0.142857 0.764563 0.048980 0.063107
1 0.195918 0.757282 0.048980 0.058252
