1 0.392000 0.230198 0.032000 0.034653
1 0.558000 0.274752 0.036000 0.044554
1 0.634000 0.212871 0.028000 0.029703
1 0.638000 0.242574 0.036000 0.029703
1 0.638000 0.371287 0.036000 0.039604
1 0.640000 0.400990 0.032000 0.029703
1 0.644000 0.448020 0.032000 0.034653
1 0.648000 0.485149 0.024000 0.039604
1 0.482000 0.366337 0.036000 0.049505
1 0.310000 0.368812 0.036000 0.034653
1 0.306000 0.410891 0.028000 0.029703
1 0.416000 0.495050 0.032000 0.049505
1 0.644000 0.754950 0.032000 0.044554
1 0.642000 0.673267 0.028000 0.029703
1 0.642000 0.698020 0.028000 0.029703
1 0.606000 0.465347 0.028000 0.029703
1 0.592000 0.485149 0.024000 0.029703
1 0.652000 0.301980 0.032000 0.029703
1 0.672000 0.532178 0.032000 0.034653
1 0.328000 0.452970 0.032000 0.044554
1 0.536000 0.188119 0.040000 0.039604
1 0.606000 0.705446 0.036000 0.044554
