2 0.473684 0.517544 0.052632 0.035088
2 0.763158 0.500000 0.052632 0.043860
2 0.828947 0.385965 0.043860 0.035088
2 0.324561 0.269737 0.052632 0.048246
2 0.322368 0.607456 0.039474 0.048246
2 0.162281 0.662281 0.043860 0.052632
2 0.383772 0.706140 0.048246 0.043860
2 0.785088 0.605263 0.043860 0.035088
2 0.745614 0.570175 0.052632 0.052632
2 0.638158 0.313596 0.057018 0.048246
2 0.896930 0.276316 0.048246 0.043860
2 0.473684 0.546053 0.043860 0.030702
2 0.326754 0.853070 0.039474 0.039474
2 0.671053 0.405702 0.035088 0.030702
2 0.771930 0.853070 0.052632 0.039474
2 0.782895 0.666667 0.057018 0.052632
2 0.706140 0.703947 0.043860 0.057018
2 0.453947 0.820175 0.048246 0.035088
2 0.646930 0.787281 0.048246 0.039474
