2 0.616228 0.085526 0.048246 0.057018
2 0.530702 0.267544 0.043860 0.052632
2 0.517544 0.368421 0.043860 0.043860
2 0.528509 0.403509 0.048246 0.043860
2 0.467105 0.287281 0.030702 0.039474
2 0.241228 0.550439 0.043860 0.048246
2 0.486842 0.524123 0.043860 0.048246
2 0.561404 0.456140 0.043860 0.043860
2 0.638158 0.449561 0.039474 0.048246
2 0.668860 0.447368 0.030702 0.052632
2 0.561404 0.528509 0.035088 0.048246
2 0.600877 0.537281 0.043860 0.048246
2 0.710526 0.714912 0.052632 0.043860
2 0.315789 0.517544 0.043860 0.052632
2 0.594298 0.739035 0.039474 0.039474
2 0.668860 0.050439 0.048246 0.039474
