2 0.619167 0.300885 0.045000 0.061947
2 0.657500 0.355088 0.048333 0.059735
2 0.680000 0.409292 0.046667 0.066372
2 0.690000 0.466814 0.043333 0.070796
2 0.690000 0.525442 0.046667 0.064159
2 0.682500 0.581858 0.048333 0.061947
2 0.665000 0.634956 0.043333 0.070796
2 0.639167 0.681416 0.038333 0.057522
2 0.600000 0.712389 0.043333 0.057522
2 0.555000 0.722345 0.053333 0.064159
2 0.508333 0.710177 0.046667 0.066372
2 0.464167 0.682522 0.041667 0.059735
2 0.439167 0.634956 0.041667 0.061947
2 0.419167 0.577434 0.038333 0.061947
2 0.417500 0.518805 0.041667 0.064159
2 0.434167 0.462389 0.041667 0.053097
2 0.546667 0.351770 0.050000 0.079646
2 0.588333 0.350664 0.043333 0.068584
2 0.511667 0.365044 0.043333 0.057522
2 0.467500 0.411504 0.058333 0.066372
