2 0.357456 0.396930 0.057018 0.048246
2 0.307018 0.403509 0.043860 0.043860
2 0.265351 0.416667 0.039474 0.043860
2 0.228070 0.438596 0.061404 0.043860
2 0.197368 0.480263 0.052632 0.048246
2 0.184211 0.528509 0.052632 0.039474
2 0.364035 0.289474 0.035088 0.043860
2 0.708333 0.256579 0.048246 0.048246
2 0.730263 0.304825 0.039474 0.057018
2 0.789474 0.578947 0.043860 0.043860
2 0.767544 0.618421 0.043860 0.052632
2 0.732456 0.646930 0.052632 0.048246
2 0.684211 0.660088 0.043860 0.039474
2 0.631579 0.664474 0.052632 0.039474
2 0.581140 0.657895 0.048246 0.043860
2 0.458333 0.688596 0.039474 0.035088
2 0.471491 0.739035 0.048246 0.039474
2 0.054825 0.504386 0.048246 0.043860
2 0.802632 0.524123 0.043860 0.048246
2 0.798246 0.473684 0.043860 0.052632
2 0.405702 0.276316 0.048246 0.035088
