2 0.423246 0.179825 0.074561 0.078947
2 0.396930 0.537281 0.065789 0.074561
2 0.587719 0.508772 0.061404 0.052632
2 0.234649 0.712719 0.057018 0.057018
2 0.212719 0.760965 0.057018 0.057018
2 0.260965 0.765351 0.057018 0.048246
2 0.326754 0.837719 0.057018 0.052632
2 0.475877 0.673246 0.048246 0.057018
2 0.752193 0.640351 0.048246 0.052632
2 0.896930 0.699561 0.039474 0.048246
2 0.846491 0.719298 0.061404 0.061404
2 0.625000 0.732456 0.057018 0.052632
2 0.668860 0.747807 0.057018 0.057018
2 0.576754 0.629386 0.048246 0.057018
2 0.776316 0.837719 0.026316 0.052632
2 0.925439 0.782895 0.043860 0.048246
