2 0.473333 0.245575 0.053333 0.075221
2 0.524167 0.245575 0.058333 0.070796
2 0.570833 0.262168 0.055000 0.077434
2 0.619167 0.300885 0.058333 0.084071
2 0.662500 0.349558 0.058333 0.075221
2 0.695000 0.412611 0.056667 0.081858
2 0.709167 0.481195 0.051667 0.073009
2 0.703333 0.553097 0.040000 0.075221
2 0.687500 0.619469 0.058333 0.070796
2 0.651667 0.673673 0.050000 0.059735
2 0.607500 0.714602 0.048333 0.061947
2 0.560000 0.737832 0.060000 0.055310
2 0.504167 0.738938 0.055000 0.057522
2 0.454167 0.719027 0.055000 0.061947
2 0.411667 0.692478 0.040000 0.061947
