2 0.050439 0.247807 0.083333 0.057018
2 0.160088 0.230263 0.092105 0.065789
2 0.151316 0.339912 0.074561 0.100877
2 0.230263 0.278509 0.039474 0.065789
2 0.252193 0.335526 0.048246 0.065789
2 0.276316 0.192982 0.078947 0.070175
2 0.320175 0.243421 0.061404 0.065789
2 0.348684 0.131579 0.074561 0.061404
2 0.506579 0.271930 0.065789 0.087719
2 0.546053 0.243421 0.100877 0.065789
2 0.359649 0.554825 0.052632 0.057018
2 0.385965 0.515351 0.052632 0.057018
2 0.506579 0.526316 0.083333 0.052632
2 0.449561 0.383772 0.065789 0.092105
2 0.502193 0.480263 0.065789 0.048246
2 0.442982 0.493421 0.061404 0.048246
2 0.600877 0.495614 0.061404 0.052632
2 0.710526 0.427632 0.052632 0.057018
2 0.732456 0.361842 0.043860 0.057018
2 0.743421 0.304825 0.048246 0.057018
2 0.949561 0.254386 0.074561 0.087719
2 0.927632 0.335526 0.083333 0.074561
2 0.936404 0.403509 0.109649 0.061404
2 0.815789 0.486842 0.061404 0.087719
2 0.767544 0.493421 0.061404 0.100877
2 0.936404 0.535088 0.074561 0.078947
2 0.692982 0.203947 0.035088 0.039474
2 0.763158 0.223684 0.052632 0.052632
2 0.717105 0.642544 0.065789 0.074561
2 0.631579 0.600877 0.061404 0.070175
2 0.666667 0.607456 0.061404 0.083333
2 0.651316 0.750000 0.092105 0.096491
2 0.598684 0.434211 0.083333 0.061404
2 0.460526 0.175439 0.052632 0.087719
2 0.557018 0.394737 0.061404 0.052632
