0 0.081250 0.052381 0.054167 0.085714
0 0.139583 0.088095 0.087500 0.061905
0 0.270833 0.083333 0.050000 0.061905
0 0.231250 0.195238 0.070833 0.104762
0 0.114583 0.238095 0.112500 0.123810
0 0.300000 0.173810 0.075000 0.061905
0 0.491667 0.157143 0.108333 0.104762
0 0.397917 0.038095 0.087500 0.066667
0 0.422917 0.266667 0.095833 0.085714
0 0.354167 0.390476 0.108333 0.095238
0 0.547917 0.038095 0.062500 0.066667
0 0.606250 0.045238 0.045833 0.080952
0 0.760417 0.090476 0.095833 0.095238
0 0.775000 0.280952 0.083333 0.114286
0 0.716667 0.345238 0.083333 0.080952
0 0.852083 0.438095 0.145833 0.180952
0 0.735417 0.530952 0.129167 0.185714
0 0.864583 0.633333 0.137500 0.171429
0 0.700000 0.702381 0.133333 0.138095
0 0.550000 0.783333 0.058333 0.100000
0 0.602083 0.821429 0.054167 0.090476
0 0.545833 0.930952 0.091667 0.100000
0 0.495833 0.552381 0.066667 0.114286
0 0.487500 0.373810 0.091667 0.109524
0 0.141667 0.438095 0.125000 0.095238
0 0.293750 0.571429 0.079167 0.104762
0 0.395833 0.552381 0.075000 0.085714
0 0.022917 0.500000 0.037500 0.133333
0 0.156250 0.630952 0.112500 0.119048
0 0.285417 0.685714 0.104167 0.076190
0 0.064583 0.800000 0.120833 0.085714
0 0.035417 0.642857 0.062500 0.123810
0 0.258333 0.802381 0.108333 0.119048
0 0.035417 0.952381 0.062500 0.095238
0 0.160417 0.961905 0.112500 0.076190
