0 0.048246 0.291667 0.070175 0.065789
0 0.780702 0.311404 0.078947 0.070175
0 0.660088 0.335526 0.065789 0.065789
0 0.359649 0.421053 0.061404 0.061404
0 0.600877 0.440789 0.078947 0.092105
0 0.548246 0.447368 0.061404 0.061404
0 0.548246 0.497807 0.061404 0.048246
0 0.892544 0.625000 0.100877 0.074561
0 0.686404 0.666667 0.083333 0.078947
0 0.372807 0.583333 0.078947 0.078947
0 0.234649 0.464912 0.065789 0.061404
0 0.265351 0.633772 0.092105 0.083333
0 0.035088 0.480263 0.061404 0.057018
0 0.074561 0.686404 0.078947 0.065789
