0 0.331140 0.282895 0.039474 0.048246
0 0.366228 0.313596 0.039474 0.048246
0 0.745614 0.221491 0.043860 0.048246
0 0.789474 0.375000 0.061404 0.048246
0 0.894737 0.462719 0.043860 0.057018
0 0.912281 0.574561 0.043860 0.043860
0 0.076754 0.625000 0.057018 0.057018
0 0.543860 0.627193 0.052632 0.061404
0 0.129386 0.401316 0.048246 0.057018
0 0.359649 0.559211 0.052632 0.057018
0 0.157895 0.504386 0.043860 0.043860
0 0.302632 0.629386 0.043860 0.039474
0 0.572368 0.721491 0.039474 0.048246
0 0.877193 0.835526 0.043860 0.030702
0 0.315789 0.848684 0.043860 0.039474
0 0.497807 0.747807 0.048246 0.048246
