0 0.508772 0.252193 0.035088 0.048246
0 0.083333 0.436404 0.052632 0.048246
0 0.918860 0.370614 0.039474 0.048246
0 0.537281 0.348684 0.039474 0.048246
0 0.796053 0.405702 0.048246 0.048246
0 0.826754 0.526316 0.048246 0.052632
0 0.736842 0.451754 0.052632 0.052632
0 0.598684 0.447368 0.039474 0.043860
0 0.548246 0.473684 0.043860 0.052632
0 0.460526 0.486842 0.052632 0.043860
0 0.247807 0.550439 0.057018 0.057018
0 0.307018 0.714912 0.043860 0.052632
0 0.782895 0.611842 0.030702 0.039474
0 0.337719 0.833333 0.043860 0.043860
0 0.532895 0.552632 0.039474 0.052632
0 0.754386 0.603070 0.026316 0.048246
