0 0.150794 0.047500 0.087302 0.075000
0 0.099206 0.140000 0.095238 0.090000
0 0.285714 0.092500 0.087302 0.105000
0 0.359127 0.132500 0.067460 0.125000
0 0.817460 0.042500 0.071429 0.075000
0 0.867063 0.095000 0.083333 0.090000
0 0.605159 0.242500 0.083333 0.105000
0 0.684524 0.272500 0.067460 0.115000
0 0.880952 0.330000 0.095238 0.100000
0 0.825397 0.412500 0.071429 0.095000
0 0.906746 0.447500 0.075397 0.115000
0 0.849206 0.510000 0.071429 0.100000
0 0.690476 0.465000 0.079365 0.120000
0 0.611111 0.445000 0.071429 0.120000
0 0.474206 0.405000 0.075397 0.070000
0 0.438492 0.477500 0.051587 0.085000
0 0.503968 0.485000 0.071429 0.090000
0 0.492063 0.560000 0.095238 0.070000
0 0.200397 0.230000 0.083333 0.110000
0 0.263889 0.287500 0.075397 0.115000
0 0.115079 0.330000 0.079365 0.110000
0 0.170635 0.410000 0.103175 0.090000
0 0.779762 0.217500 0.043651 0.075000
0 0.761905 0.675000 0.071429 0.090000
0 0.686508 0.717500 0.071429 0.065000
0 0.708333 0.770000 0.059524 0.060000
0 0.646825 0.812500 0.055556 0.075000
0 0.605159 0.737500 0.075397 0.085000
0 0.529762 0.640000 0.051587 0.070000
0 0.567460 0.687500 0.047619 0.055000
0 0.226190 0.695000 0.055556 0.060000
0 0.162698 0.672500 0.071429 0.075000
0 0.095238 0.682500 0.095238 0.105000
0 0.293651 0.885000 0.087302 0.110000
0 0.390873 0.882500 0.075397 0.095000
