0 0.140351 0.208333 0.052632 0.057018
0 0.146930 0.276316 0.057018 0.061404
0 0.085526 0.375000 0.057018 0.065789
0 0.344298 0.280702 0.048246 0.052632
0 0.497807 0.151316 0.048246 0.048246
0 0.375000 0.342105 0.057018 0.052632
0 0.684211 0.260965 0.052632 0.057018
0 0.754386 0.221491 0.043860 0.039474
0 0.877193 0.304825 0.070175 0.065789
0 0.732456 0.309211 0.061404 0.048246
0 0.673246 0.344298 0.057018 0.048246
0 0.778509 0.390351 0.039474 0.043860
0 0.679825 0.410088 0.043860 0.057018
0 0.734649 0.418860 0.048246 0.048246
0 0.736842 0.372807 0.043860 0.043860
0 0.438596 0.366228 0.052632 0.048246
0 0.028509 0.528509 0.048246 0.048246
0 0.563596 0.381579 0.039474 0.043860
0 0.278509 0.377193 0.039474 0.052632
0 0.296053 0.322368 0.048246 0.039474
0 0.335526 0.385965 0.048246 0.026316
0 0.342105 0.421053 0.052632 0.035088
0 0.462719 0.484649 0.057018 0.039474
0 0.635965 0.530702 0.052632 0.052632
0 0.633772 0.587719 0.057018 0.052632
0 0.497807 0.539474 0.048246 0.052632
0 0.388158 0.493421 0.048246 0.039474
0 0.333333 0.519737 0.043860 0.039474
0 0.449561 0.609649 0.057018 0.052632
0 0.412281 0.578947 0.052632 0.043860
0 0.370614 0.554825 0.039474 0.048246
0 0.298246 0.581140 0.052632 0.057018
0 0.361842 0.622807 0.039474 0.043860
0 0.407895 0.646930 0.043860 0.039474
0 0.322368 0.679825 0.039474 0.043860
0 0.335526 0.736842 0.065789 0.043860
0 0.469298 0.429825 0.035088 0.035088
0 0.877193 0.225877 0.061404 0.057018
