0 0.315789 0.140351 0.035088 0.026316
0 0.100877 0.228070 0.035088 0.043860
0 0.243421 0.184211 0.030702 0.035088
0 0.206140 0.263158 0.043860 0.035088
0 0.510965 0.146930 0.039474 0.039474
0 0.359649 0.250000 0.035088 0.043860
0 0.333333 0.177632 0.035088 0.039474
0 0.280702 0.302632 0.052632 0.035088
0 0.135965 0.232456 0.026316 0.035088
0 0.122807 0.267544 0.026316 0.026316
0 0.811404 0.293860 0.043860 0.035088
0 0.620614 0.162281 0.030702 0.035088
0 0.432018 0.228070 0.030702 0.026316
0 0.585526 0.335526 0.021930 0.030702
0 0.688596 0.333333 0.035088 0.061404
0 0.835526 0.434211 0.039474 0.035088
0 0.864035 0.570175 0.043860 0.043860
0 0.938596 0.504386 0.026316 0.026316
0 0.585526 0.399123 0.039474 0.035088
0 0.589912 0.462719 0.039474 0.039474
0 0.221491 0.471491 0.039474 0.021930
0 0.388158 0.453947 0.030702 0.039474
0 0.296053 0.550439 0.039474 0.039474
0 0.197368 0.583333 0.035088 0.035088
0 0.052632 0.638158 0.043860 0.039474
0 0.083333 0.679825 0.043860 0.035088
0 0.221491 0.453947 0.039474 0.021930
0 0.355263 0.589912 0.035088 0.048246
0 0.390351 0.585526 0.026316 0.030702
0 0.412281 0.618421 0.026316 0.026316
0 0.559211 0.644737 0.030702 0.043860
0 0.355263 0.758772 0.035088 0.043860
0 0.495614 0.850877 0.043860 0.035088
0 0.820175 0.848684 0.035088 0.030702
0 0.605263 0.754386 0.043860 0.035088
0 0.763158 0.703947 0.035088 0.030702
0 0.868421 0.236842 0.017544 0.026316
0 0.857456 0.252193 0.021930 0.021930
0 0.493421 0.263158 0.021930 0.035088
0 0.311404 0.366228 0.026316 0.039474
0 0.418860 0.331140 0.021930 0.030702
0 0.067982 0.282895 0.021930 0.030702
0 0.089912 0.296053 0.021930 0.030702
0 0.024123 0.500000 0.030702 0.035088
0 0.967105 0.767544 0.030702 0.035088
