0 0.266667 0.108225 0.046667 0.077922
0 0.190000 0.114719 0.046667 0.056277
0 0.696667 0.067100 0.040000 0.056277
0 0.851667 0.101732 0.043333 0.056277
0 0.430000 0.125541 0.046667 0.060606
0 0.276667 0.253247 0.053333 0.056277
0 0.183333 0.292208 0.053333 0.073593
0 0.136667 0.331169 0.046667 0.047619
0 0.088333 0.354978 0.050000 0.043290
0 0.051667 0.454545 0.050000 0.069264
0 0.018333 0.482684 0.030000 0.056277
0 0.461667 0.268398 0.050000 0.060606
0 0.388333 0.294372 0.043333 0.077922
0 0.660000 0.231602 0.040000 0.056277
0 0.983333 0.629870 0.033333 0.047619
0 0.966667 0.692641 0.046667 0.077922
0 0.933333 0.785714 0.040000 0.047619
0 0.970000 0.822511 0.040000 0.069264
0 0.931667 0.837662 0.043333 0.056277
0 0.913333 0.707792 0.046667 0.064935
0 0.943333 0.614719 0.033333 0.051948
0 0.903333 0.575758 0.040000 0.069264
0 0.926667 0.491342 0.053333 0.056277
0 0.893333 0.430736 0.060000 0.064935
0 0.836667 0.461039 0.053333 0.064935
0 0.781667 0.413420 0.050000 0.056277
0 0.753333 0.380952 0.040000 0.060606
0 0.710000 0.331169 0.046667 0.064935
0 0.648333 0.296537 0.050000 0.064935
0 0.681667 0.380952 0.070000 0.051948
0 0.730000 0.432900 0.060000 0.060606
0 0.563333 0.303030 0.046667 0.060606
0 0.611667 0.346320 0.036667 0.069264
0 0.630000 0.400433 0.033333 0.056277
0 0.673333 0.448052 0.033333 0.064935
0 0.640000 0.458874 0.033333 0.069264
0 0.518333 0.316017 0.043333 0.060606
0 0.423333 0.324675 0.040000 0.051948
0 0.241667 0.365801 0.070000 0.056277
0 0.181667 0.389610 0.050000 0.060606
0 0.150000 0.437229 0.040000 0.060606
0 0.828333 0.582251 0.063333 0.056277
0 0.890000 0.655844 0.046667 0.064935
0 0.841667 0.701299 0.050000 0.051948
0 0.855000 0.755411 0.050000 0.056277
0 0.843333 0.645022 0.040000 0.060606
0 0.806667 0.621212 0.046667 0.064935
0 0.791667 0.690476 0.043333 0.064935
0 0.815000 0.746753 0.036667 0.056277
0 0.805000 0.813853 0.043333 0.060606
0 0.843333 0.850649 0.040000 0.073593
0 0.763333 0.525974 0.033333 0.064935
0 0.766667 0.599567 0.033333 0.056277
0 0.698333 0.549784 0.036667 0.051948
0 0.730000 0.599567 0.033333 0.064935
0 0.751667 0.653680 0.043333 0.060606
0 0.766667 0.759740 0.053333 0.064935
0 0.761667 0.824675 0.050000 0.038961
0 0.651667 0.528139 0.043333 0.051948
0 0.526667 0.359307 0.040000 0.043290
0 0.556667 0.389610 0.046667 0.051948
0 0.481667 0.363636 0.043333 0.051948
0 0.438333 0.372294 0.030000 0.051948
0 0.421667 0.411255 0.050000 0.051948
0 0.598333 0.441558 0.036667 0.060606
0 0.558333 0.439394 0.036667 0.056277
0 0.523333 0.415584 0.040000 0.043290
0 0.491667 0.441558 0.043333 0.060606
0 0.605000 0.517316 0.036667 0.064935
0 0.565000 0.519481 0.036667 0.069264
0 0.530000 0.528139 0.046667 0.051948
0 0.483333 0.510823 0.040000 0.051948
0 0.451667 0.474026 0.036667 0.064935
0 0.410000 0.474026 0.040000 0.064935
0 0.663333 0.584416 0.033333 0.034632
0 0.641667 0.619048 0.036667 0.043290
0 0.693333 0.649351 0.046667 0.051948
0 0.570000 0.649351 0.046667 0.060606
0 0.606667 0.638528 0.033333 0.056277
0 0.545000 0.720779 0.043333 0.073593
0 0.666667 0.716450 0.040000 0.056277
0 0.621667 0.852814 0.036667 0.069264
0 0.630000 0.800866 0.060000 0.051948
0 0.571667 0.783550 0.036667 0.069264
0 0.576667 0.844156 0.040000 0.060606
0 0.520000 0.632035 0.040000 0.060606
0 0.473333 0.619048 0.046667 0.060606
0 0.486667 0.686147 0.046667 0.073593
0 0.413333 0.564935 0.040000 0.056277
0 0.436667 0.597403 0.033333 0.043290
0 0.435000 0.651515 0.056667 0.064935
0 0.505000 0.766234 0.043333 0.051948
0 0.503333 0.848485 0.033333 0.051948
0 0.398333 0.740260 0.043333 0.051948
0 0.358333 0.660173 0.063333 0.064935
0 0.466667 0.805195 0.040000 0.043290
0 0.278333 0.474026 0.056667 0.056277
0 0.363333 0.489177 0.046667 0.069264
0 0.323333 0.512987 0.040000 0.056277
0 0.373333 0.547619 0.046667 0.038961
0 0.308333 0.586580 0.050000 0.064935
0 0.253333 0.547619 0.060000 0.056277
0 0.063333 0.558442 0.060000 0.060606
0 0.025000 0.619048 0.036667 0.069264
0 0.116667 0.571429 0.040000 0.043290
0 0.065000 0.627706 0.030000 0.060606
0 0.116667 0.629870 0.053333 0.056277
0 0.121667 0.688312 0.070000 0.051948
0 0.188333 0.673160 0.043333 0.056277
0 0.151667 0.532468 0.036667 0.043290
0 0.166667 0.623377 0.046667 0.043290
0 0.251667 0.612554 0.036667 0.056277
0 0.235000 0.670996 0.043333 0.060606
0 0.305000 0.709957 0.050000 0.069264
0 0.320000 0.772727 0.046667 0.038961
0 0.368333 0.794372 0.036667 0.064935
0 0.225000 0.733766 0.043333 0.056277
0 0.086667 0.757576 0.040000 0.051948
0 0.023333 0.699134 0.040000 0.064935
0 0.063333 0.865801 0.046667 0.051948
0 0.093333 0.818182 0.046667 0.060606
0 0.248333 0.829004 0.043333 0.056277
0 0.211667 0.859307 0.043333 0.064935
0 0.326667 0.822511 0.046667 0.043290
0 0.378333 0.872294 0.056667 0.047619
0 0.128333 0.489177 0.043333 0.051948
0 0.275000 0.419913 0.043333 0.060606
