0 0.469298 0.157895 0.035088 0.026316
0 0.447368 0.377193 0.026316 0.035088
0 0.493421 0.372807 0.030702 0.035088
0 0.478070 0.425439 0.026316 0.035088
0 0.515351 0.425439 0.039474 0.043860
0 0.607456 0.451754 0.030702 0.035088
0 0.629386 0.482456 0.048246 0.061404
0 0.820175 0.734649 0.035088 0.048246
0 0.521930 0.482456 0.035088 0.035088
0 0.475877 0.495614 0.030702 0.035088
0 0.254386 0.432018 0.052632 0.039474
0 0.195175 0.429825 0.039474 0.043860
0 0.236842 0.611842 0.061404 0.048246
0 0.094298 0.607456 0.039474 0.030702
0 0.072368 0.625000 0.030702 0.030702
0 0.037281 0.649123 0.039474 0.043860
0 0.173246 0.660088 0.048246 0.030702
0 0.120614 0.657895 0.030702 0.026316
0 0.096491 0.684211 0.035088 0.026316
0 0.135965 0.706140 0.043860 0.026316
0 0.083333 0.725877 0.043860 0.030702
0 0.291667 0.848684 0.048246 0.039474
0 0.638158 0.543860 0.039474 0.043860
0 0.603070 0.554825 0.030702 0.030702
0 0.572368 0.524123 0.030702 0.039474
0 0.546053 0.541667 0.039474 0.048246
0 0.508772 0.532895 0.035088 0.039474
0 0.969298 0.304825 0.026316 0.030702
0 0.026316 0.543860 0.043860 0.043860
0 0.153509 0.151316 0.035088 0.048246
0 0.504386 0.585526 0.035088 0.039474
