0 0.119565 0.258242 0.079710 0.186813
0 0.277174 0.258242 0.097826 0.186813
0 0.458333 0.233516 0.112319 0.203297
0 0.635870 0.252747 0.126812 0.219780
0 0.820652 0.233516 0.141304 0.225275
0 0.144928 0.532967 0.123188 0.186813
0 0.150362 0.788462 0.126812 0.192308
0 0.329710 0.626374 0.144928 0.230769
0 0.480072 0.609890 0.083333 0.131868
0 0.528986 0.516484 0.086957 0.109890
0 0.585145 0.612637 0.076087 0.148352
0 0.518116 0.689560 0.072464 0.104396
0 0.735507 0.527473 0.094203 0.131868
0 0.695652 0.700549 0.072464 0.148352
0 0.856884 0.521978 0.097826 0.131868
0 0.873188 0.728022 0.086957 0.137363
