0 0.296512 0.132653 0.120155 0.122449
0 0.253876 0.250000 0.112403 0.132653
0 0.279070 0.441327 0.124031 0.117347
0 0.296512 0.561224 0.120155 0.112245
0 0.486434 0.150510 0.089147 0.127551
0 0.538760 0.239796 0.093023 0.122449
0 0.625969 0.293367 0.096899 0.137755
0 0.550388 0.382653 0.116279 0.132653
0 0.823643 0.464286 0.104651 0.132653
0 0.730620 0.566327 0.104651 0.153061
0 0.877907 0.579082 0.112403 0.117347
0 0.786822 0.686224 0.108527 0.127551
0 0.257752 0.859694 0.135659 0.209184
0 0.089147 0.892857 0.139535 0.163265
