0 0.155702 0.107456 0.092105 0.074561
0 0.070175 0.324561 0.087719 0.078947
0 0.043860 0.403509 0.078947 0.070175
0 0.427632 0.067982 0.074561 0.074561
0 0.403509 0.122807 0.087719 0.070175
0 0.489035 0.046053 0.048246 0.083333
0 0.532895 0.041667 0.039474 0.074561
0 0.583333 0.105263 0.087719 0.096491
0 0.484649 0.195175 0.109649 0.118421
0 0.589912 0.225877 0.100877 0.109649
0 0.690789 0.243421 0.092105 0.100877
0 0.642544 0.326754 0.100877 0.092105
0 0.530702 0.348684 0.096491 0.100877
0 0.807018 0.410088 0.087719 0.109649
0 0.725877 0.478070 0.065789 0.070175
0 0.679825 0.491228 0.061404 0.070175
0 0.699561 0.434211 0.057018 0.035088
0 0.892544 0.438596 0.048246 0.052632
0 0.958333 0.460526 0.048246 0.052632
0 0.923246 0.482456 0.057018 0.061404
0 0.932018 0.607456 0.057018 0.048246
0 0.870614 0.671053 0.065789 0.070175
0 0.820175 0.629386 0.052632 0.074561
0 0.429825 0.521930 0.114035 0.114035
0 0.640351 0.826754 0.052632 0.065789
0 0.592105 0.853070 0.052632 0.065789
0 0.403509 0.666667 0.114035 0.114035
0 0.339912 0.758772 0.092105 0.096491
0 0.164474 0.640351 0.083333 0.087719
0 0.057018 0.640351 0.087719 0.096491
0 0.171053 0.771930 0.087719 0.087719
0 0.028509 0.776316 0.048246 0.070175
0 0.835526 0.546053 0.083333 0.083333
