0 0.316667 0.096014 0.066667 0.068841
0 0.325000 0.201087 0.056667 0.090580
0 0.386667 0.271739 0.046667 0.086957
0 0.446667 0.336957 0.053333 0.072464
0 0.786667 0.476449 0.080000 0.068841
0 0.955000 0.471014 0.063333 0.086957
0 0.786667 0.538043 0.053333 0.061594
0 0.731667 0.548913 0.063333 0.068841
0 0.523333 0.615942 0.093333 0.086957
0 0.308333 0.445652 0.070000 0.057971
0 0.221667 0.612319 0.070000 0.065217
0 0.098333 0.715580 0.056667 0.061594
0 0.051667 0.795290 0.056667 0.054348
0 0.150000 0.771739 0.066667 0.057971
0 0.111667 0.838768 0.056667 0.090580
0 0.430000 0.788043 0.080000 0.076087
0 0.776667 0.867754 0.060000 0.068841
