0 0.800439 0.245614 0.065789 0.078947
0 0.232456 0.315789 0.061404 0.061404
0 0.252193 0.559211 0.074561 0.074561
0 0.032895 0.609649 0.057018 0.070175
0 0.690789 0.517544 0.057018 0.078947
0 0.644737 0.517544 0.043860 0.087719
0 0.381579 0.405702 0.070175 0.065789
0 0.460526 0.407895 0.070175 0.078947
0 0.475877 0.506579 0.039474 0.074561
0 0.432018 0.506579 0.039474 0.074561
0 0.385965 0.550439 0.043860 0.057018
0 0.603070 0.605263 0.057018 0.035088
0 0.256579 0.418860 0.030702 0.048246
0 0.293860 0.434211 0.035088 0.052632
0 0.350877 0.460526 0.061404 0.035088
0 0.366228 0.497807 0.065789 0.039474
0 0.344298 0.539474 0.039474 0.052632
0 0.543860 0.339912 0.061404 0.057018
0 0.541667 0.377193 0.065789 0.052632
