0 0.133603 0.232843 0.080972 0.093137
0 0.163968 0.338235 0.076923 0.088235
0 0.352227 0.340686 0.064777 0.083333
0 0.437247 0.414216 0.072874 0.122549
0 0.327935 0.441176 0.072874 0.078431
0 0.623482 0.156863 0.056680 0.078431
0 0.674089 0.245098 0.068826 0.068627
0 0.690283 0.073529 0.060729 0.078431
0 0.746964 0.100490 0.052632 0.073529
0 0.846154 0.198529 0.048583 0.083333
0 0.900810 0.198529 0.044534 0.063725
0 0.886640 0.296569 0.056680 0.083333
0 0.823887 0.311275 0.060729 0.073529
0 0.706478 0.534314 0.068826 0.088235
0 0.609312 0.573529 0.076923 0.088235
0 0.746964 0.757353 0.076923 0.083333
0 0.663968 0.791667 0.072874 0.093137
0 0.497976 0.840686 0.080972 0.093137
0 0.431174 0.757353 0.068826 0.093137
0 0.331984 0.661765 0.072874 0.088235
0 0.265182 0.750000 0.068826 0.088235
