0 0.528509 0.177632 0.048246 0.048246
0 0.692982 0.239035 0.052632 0.048246
0 0.263158 0.175439 0.043860 0.043860
0 0.225877 0.223684 0.057018 0.052632
0 0.280702 0.263158 0.061404 0.061404
0 0.092105 0.300439 0.035088 0.039474
0 0.394737 0.331140 0.052632 0.048246
0 0.616228 0.313596 0.057018 0.039474
0 0.635965 0.399123 0.035088 0.052632
0 0.763158 0.427632 0.043860 0.057018
0 0.881579 0.344298 0.061404 0.065789
0 0.912281 0.385965 0.026316 0.043860
0 0.875000 0.427632 0.048246 0.048246
0 0.921053 0.434211 0.052632 0.061404
0 0.951754 0.348684 0.035088 0.048246
0 0.469298 0.405702 0.061404 0.065789
0 0.710526 0.552632 0.070175 0.078947
0 0.638158 0.539474 0.074561 0.078947
0 0.557018 0.524123 0.061404 0.065789
0 0.250000 0.486842 0.070175 0.070175
0 0.315789 0.500000 0.035088 0.043860
0 0.280702 0.541667 0.035088 0.048246
0 0.151316 0.563596 0.048246 0.057018
0 0.263158 0.598684 0.052632 0.057018
0 0.416667 0.528509 0.035088 0.048246
0 0.910088 0.640351 0.048246 0.052632
0 0.508772 0.594298 0.052632 0.048246
0 0.515351 0.649123 0.057018 0.052632
0 0.554825 0.622807 0.030702 0.043860
0 0.414474 0.653509 0.039474 0.043860
0 0.267544 0.657895 0.052632 0.052632
0 0.328947 0.804825 0.061404 0.057018
0 0.484649 0.798246 0.039474 0.043860
0 0.583333 0.743421 0.043860 0.048246
0 0.813596 0.804825 0.048246 0.030702
0 0.756579 0.839912 0.048246 0.057018
0 0.168860 0.186404 0.030702 0.039474
0 0.627193 0.850877 0.043860 0.035088
