0 0.171315 0.201493 0.071713 0.084577
0 0.107570 0.450249 0.079681 0.064677
0 0.444223 0.169154 0.067729 0.089552
0 0.328685 0.333333 0.075697 0.099502
0 0.615538 0.238806 0.075697 0.069652
0 0.711155 0.166667 0.075697 0.074627
0 0.846614 0.390547 0.083665 0.054726
0 0.717131 0.447761 0.047809 0.109453
0 0.328685 0.557214 0.035857 0.109453
0 0.221116 0.363184 0.067729 0.079602
0 0.147410 0.569652 0.063745 0.064677
0 0.159363 0.825871 0.071713 0.059701
0 0.420319 0.833333 0.043825 0.084577
0 0.579681 0.845771 0.075697 0.079602
0 0.717131 0.703980 0.079681 0.094527
0 0.862550 0.738806 0.059761 0.094527
0 0.868526 0.579602 0.055777 0.054726
0 0.605578 0.703980 0.079681 0.054726
0 0.454183 0.599502 0.047809 0.084577
0 0.239044 0.733831 0.055777 0.064677
0 0.472112 0.402985 0.067729 0.079602
