0 0.291667 0.258772 0.048246 0.035088
0 0.695175 0.210526 0.048246 0.035088
0 0.572368 0.254386 0.057018 0.052632
0 0.339912 0.256579 0.039474 0.039474
0 0.326754 0.287281 0.039474 0.030702
0 0.901316 0.252193 0.039474 0.039474
0 0.750000 0.269737 0.035088 0.039474
0 0.831140 0.221491 0.039474 0.065789
0 0.752193 0.304825 0.048246 0.030702
0 0.421053 0.412281 0.026316 0.026316
0 0.530702 0.497807 0.043860 0.057018
0 0.475877 0.502193 0.039474 0.057018
0 0.252193 0.515351 0.057018 0.057018
0 0.392544 0.607456 0.030702 0.048246
0 0.425439 0.629386 0.035088 0.039474
0 0.436404 0.572368 0.048246 0.048246
0 0.344298 0.513158 0.039474 0.043860
0 0.390351 0.462719 0.026316 0.021930
0 0.421053 0.473684 0.035088 0.026316
0 0.385965 0.416667 0.026316 0.026316
