0 0.153509 0.418860 0.052632 0.048246
0 0.083333 0.265351 0.043860 0.048246
0 0.304825 0.298246 0.057018 0.052632
0 0.377193 0.328947 0.052632 0.043860
0 0.339912 0.184211 0.039474 0.043860
0 0.482456 0.151316 0.052632 0.048246
0 0.535088 0.142544 0.052632 0.030702
0 0.629386 0.146930 0.048246 0.039474
0 0.778509 0.146930 0.057018 0.048246
0 0.655702 0.208333 0.057018 0.057018
0 0.708333 0.208333 0.048246 0.057018
0 0.747807 0.223684 0.039474 0.043860
0 0.945175 0.291667 0.048246 0.048246
0 0.927632 0.337719 0.057018 0.052632
0 0.813596 0.206140 0.048246 0.061404
0 0.793860 0.217105 0.035088 0.048246
0 0.901316 0.464912 0.039474 0.043860
0 0.703947 0.447368 0.030702 0.035088
0 0.524123 0.372807 0.039474 0.052632
0 0.372807 0.462719 0.035088 0.039474
0 0.440789 0.434211 0.039474 0.052632
0 0.414474 0.453947 0.039474 0.048246
0 0.265351 0.521930 0.048246 0.035088
0 0.339912 0.541667 0.030702 0.030702
0 0.035088 0.699561 0.061404 0.048246
0 0.561404 0.495614 0.035088 0.035088
0 0.265351 0.567982 0.048246 0.039474
0 0.263158 0.620614 0.052632 0.048246
0 0.826754 0.598684 0.039474 0.039474
0 0.864035 0.502193 0.052632 0.057018
0 0.684211 0.282895 0.061404 0.065789
0 0.842105 0.752193 0.035088 0.039474
0 0.864035 0.802632 0.052632 0.043860
0 0.807018 0.811404 0.043860 0.043860
0 0.725877 0.782895 0.048246 0.039474
0 0.611842 0.502193 0.048246 0.039474
0 0.666667 0.521930 0.043860 0.035088
0 0.611842 0.546053 0.048246 0.048246
0 0.557018 0.546053 0.061404 0.048246
0 0.532895 0.594298 0.048246 0.048246
0 0.497807 0.638158 0.057018 0.057018
0 0.359649 0.723684 0.052632 0.043860
0 0.543860 0.736842 0.052632 0.043860
0 0.594298 0.831140 0.039474 0.048246
0 0.653509 0.798246 0.035088 0.035088
0 0.526316 0.800439 0.043860 0.048246
0 0.552632 0.820175 0.035088 0.035088
0 0.655702 0.414474 0.065789 0.074561
