0 0.136000 0.259901 0.056000 0.064356
0 0.366000 0.168317 0.076000 0.079208
0 0.298000 0.205446 0.052000 0.074257
0 0.232000 0.212871 0.064000 0.069307
0 0.240000 0.277228 0.072000 0.049505
0 0.246000 0.353960 0.068000 0.054455
0 0.334000 0.287129 0.076000 0.069307
0 0.242000 0.433168 0.060000 0.064356
0 0.384000 0.351485 0.056000 0.079208
0 0.328000 0.490099 0.048000 0.079208
0 0.302000 0.547030 0.060000 0.064356
0 0.472000 0.368812 0.048000 0.074257
0 0.526000 0.358911 0.044000 0.074257
0 0.472000 0.440594 0.040000 0.059406
0 0.470000 0.512376 0.068000 0.074257
0 0.408000 0.524752 0.032000 0.039604
0 0.444000 0.579208 0.056000 0.069307
0 0.364000 0.601485 0.056000 0.064356
0 0.378000 0.680693 0.060000 0.064356
0 0.560000 0.514851 0.040000 0.069307
0 0.616000 0.507426 0.040000 0.074257
0 0.868000 0.646040 0.072000 0.064356
0 0.748000 0.596535 0.064000 0.064356
0 0.690000 0.559406 0.036000 0.069307
0 0.632000 0.581683 0.064000 0.074257
0 0.704000 0.641089 0.064000 0.064356
0 0.688000 0.710396 0.056000 0.074257
0 0.764000 0.809406 0.048000 0.084158
0 0.532000 0.576733 0.064000 0.064356
0 0.616000 0.658416 0.056000 0.069307
0 0.620000 0.725248 0.056000 0.064356
0 0.552000 0.688119 0.064000 0.049505
0 0.582000 0.759901 0.036000 0.054455
0 0.592000 0.836634 0.048000 0.059406
0 0.450000 0.675743 0.052000 0.074257
0 0.498000 0.750000 0.068000 0.064356
0 0.512000 0.849010 0.064000 0.074257
