0 0.263158 0.245614 0.070175 0.078947
0 0.416667 0.129386 0.052632 0.039474
0 0.633772 0.118421 0.048246 0.087719
0 0.741228 0.127193 0.043860 0.052632
0 0.725877 0.160088 0.048246 0.065789
0 0.688596 0.160088 0.043860 0.074561
0 0.625000 0.214912 0.057018 0.078947
0 0.660088 0.326754 0.057018 0.074561
0 0.642544 0.414474 0.083333 0.074561
0 0.570175 0.223684 0.052632 0.087719
0 0.609649 0.302632 0.043860 0.043860
0 0.506579 0.287281 0.057018 0.065789
0 0.557018 0.302632 0.052632 0.061404
0 0.541667 0.348684 0.057018 0.048246
0 0.528509 0.429825 0.118421 0.070175
0 0.607456 0.559211 0.039474 0.074561
0 0.603070 0.480263 0.039474 0.057018
0 0.561404 0.495614 0.035088 0.035088
0 0.557018 0.567982 0.061404 0.083333
0 0.502193 0.486842 0.048246 0.052632
0 0.500000 0.539474 0.061404 0.078947
0 0.449561 0.550439 0.039474 0.074561
0 0.491228 0.567982 0.052632 0.065789
0 0.421053 0.421053 0.070175 0.061404
0 0.429825 0.471491 0.096491 0.039474
0 0.449561 0.394737 0.057018 0.052632
0 0.453947 0.298246 0.048246 0.052632
0 0.445175 0.348684 0.048246 0.048246
0 0.379386 0.344298 0.057018 0.039474
0 0.370614 0.388158 0.048246 0.048246
0 0.274123 0.355263 0.048246 0.035088
0 0.282895 0.410088 0.048246 0.057018
0 0.217105 0.513158 0.074561 0.087719
0 0.337719 0.530702 0.078947 0.035088
0 0.342105 0.574561 0.070175 0.052632
0 0.293860 0.692982 0.026316 0.043860
0 0.328947 0.686404 0.035088 0.039474
0 0.401316 0.682018 0.074561 0.057018
0 0.440789 0.633772 0.057018 0.057018
0 0.361842 0.644737 0.048246 0.043860
0 0.353070 0.486842 0.039474 0.043860
0 0.225877 0.385965 0.065789 0.052632
0 0.375000 0.234649 0.039474 0.048246
0 0.464912 0.210526 0.070175 0.061404
0 0.458333 0.164474 0.092105 0.048246
0 0.423246 0.217105 0.039474 0.057018
