0 0.358779 0.137306 0.053435 0.056995
0 0.330153 0.183938 0.064885 0.046632
0 0.330153 0.238342 0.064885 0.051813
0 0.404580 0.176166 0.045802 0.082902
0 0.396947 0.326425 0.053435 0.072539
0 0.248092 0.261658 0.061069 0.077720
0 0.248092 0.176166 0.061069 0.072539
0 0.194656 0.279793 0.045802 0.103627
0 0.345420 0.303109 0.057252 0.067358
0 0.320611 0.360104 0.045802 0.077720
0 0.366412 0.380829 0.045802 0.088083
0 0.125954 0.611399 0.045802 0.093264
0 0.070611 0.634715 0.072519 0.098446
0 0.074427 0.725389 0.080153 0.062176
0 0.179389 0.691710 0.045802 0.088083
0 0.234733 0.712435 0.057252 0.088083
0 0.166031 0.779793 0.041985 0.098446
0 0.227099 0.826425 0.072519 0.088083
0 0.116412 0.847150 0.049618 0.067358
0 0.156489 0.909326 0.045802 0.077720
0 0.087786 0.914508 0.045802 0.077720
0 0.606870 0.059585 0.068702 0.077720
0 0.788168 0.069948 0.087786 0.098446
0 0.887405 0.121762 0.057252 0.098446
0 0.751908 0.199482 0.083969 0.077720
0 0.645038 0.204663 0.083969 0.067358
0 0.839695 0.246114 0.083969 0.088083
0 0.751908 0.391192 0.076336 0.129534
0 0.606870 0.440415 0.083969 0.072539
0 0.677481 0.533679 0.080153 0.113990
0 0.557252 0.556995 0.068702 0.036269
0 0.799618 0.502591 0.049618 0.072539
0 0.854962 0.906736 0.076336 0.093264
0 0.709924 0.696891 0.061069 0.046632
0 0.717557 0.759067 0.053435 0.077720
0 0.618321 0.740933 0.045802 0.062176
0 0.595420 0.800518 0.053435 0.067358
0 0.646947 0.803109 0.049618 0.082902
0 0.774809 0.917098 0.068702 0.093264
0 0.706107 0.906736 0.045802 0.103627
0 0.643130 0.896373 0.041985 0.082902
0 0.593511 0.914508 0.049618 0.098446
0 0.646947 0.961140 0.057252 0.056995
