0 0.066265 0.071782 0.100402 0.123762
0 0.074297 0.178218 0.084337 0.079208
0 0.048193 0.274752 0.088353 0.103960
0 0.098394 0.403465 0.100402 0.094059
0 0.104418 0.539604 0.120482 0.099010
0 0.066265 0.695545 0.116466 0.103960
0 0.070281 0.888614 0.076305 0.103960
0 0.224900 0.801980 0.088353 0.089109
0 0.367470 0.750000 0.092369 0.094059
0 0.512048 0.757426 0.100402 0.099010
0 0.680723 0.712871 0.108434 0.108911
0 0.885542 0.601485 0.124498 0.094059
0 0.931727 0.492574 0.088353 0.113861
0 0.726908 0.524752 0.088353 0.108911
0 0.576305 0.574257 0.076305 0.108911
0 0.457831 0.566832 0.104418 0.103960
0 0.365462 0.638614 0.112450 0.108911
0 0.253012 0.551980 0.112450 0.113861
0 0.226908 0.400990 0.076305 0.069307
0 0.510040 0.467822 0.088353 0.084158
0 0.606426 0.467822 0.080321 0.103960
0 0.821285 0.438119 0.084337 0.123762
0 0.375502 0.448020 0.092369 0.074257
0 0.285141 0.366337 0.072289 0.079208
0 0.154618 0.250000 0.100402 0.084158
0 0.166667 0.131188 0.092369 0.084158
0 0.265060 0.150990 0.088353 0.094059
0 0.182731 0.044554 0.084337 0.079208
0 0.377510 0.146040 0.088353 0.084158
0 0.313253 0.220297 0.096386 0.084158
0 0.279116 0.032178 0.092369 0.054455
0 0.389558 0.037129 0.088353 0.064356
0 0.497992 0.051980 0.112450 0.094059
0 0.596386 0.064356 0.068273 0.099010
0 0.526104 0.150990 0.096386 0.094059
0 0.447791 0.200495 0.092369 0.074257
0 0.465863 0.284653 0.088353 0.084158
0 0.562249 0.282178 0.096386 0.118812
0 0.522088 0.376238 0.104418 0.089109
0 0.373494 0.321782 0.120482 0.118812
0 0.654618 0.232673 0.120482 0.128713
0 0.646586 0.356436 0.088353 0.079208
0 0.732932 0.396040 0.060241 0.089109
0 0.748996 0.309406 0.084337 0.094059
0 0.809237 0.237624 0.116466 0.138614
0 0.676707 0.113861 0.084337 0.079208
0 0.668675 0.034653 0.100402 0.059406
0 0.791165 0.051980 0.088353 0.094059
0 0.893574 0.044554 0.084337 0.079208
0 0.973896 0.101485 0.052209 0.133663
0 0.915663 0.170792 0.096386 0.094059
0 0.951807 0.274752 0.096386 0.094059
0 0.907631 0.349010 0.096386 0.103960
