0 0.368421 0.405702 0.070175 0.083333
0 0.302632 0.418860 0.052632 0.074561
0 0.760965 0.234649 0.074561 0.083333
0 0.857456 0.256579 0.065789 0.083333
0 0.668860 0.377193 0.065789 0.052632
0 0.703947 0.423246 0.074561 0.048246
0 0.532895 0.335526 0.092105 0.092105
0 0.164474 0.618421 0.083333 0.087719
0 0.478070 0.570175 0.078947 0.052632
0 0.458333 0.500000 0.057018 0.078947
0 0.796053 0.537281 0.083333 0.092105
0 0.664474 0.225877 0.065789 0.057018
0 0.822368 0.769737 0.057018 0.057018
0 0.802632 0.813596 0.070175 0.057018
0 0.324561 0.638158 0.096491 0.092105
0 0.585526 0.609649 0.057018 0.052632
0 0.574561 0.649123 0.061404 0.052632
0 0.883772 0.842105 0.074561 0.052632
0 0.186404 0.445175 0.083333 0.074561
0 0.103070 0.543860 0.065789 0.078947
0 0.835526 0.383772 0.039474 0.039474
0 0.879386 0.423246 0.039474 0.048246
0 0.837719 0.432018 0.043860 0.048246
0 0.515351 0.508772 0.065789 0.078947
