0 0.125000 0.353070 0.048246 0.048246
0 0.186404 0.526316 0.057018 0.043860
0 0.703947 0.127193 0.048246 0.052632
0 0.853070 0.317982 0.048246 0.039474
0 0.831140 0.339912 0.048246 0.048246
0 0.787281 0.339912 0.039474 0.039474
0 0.758772 0.357456 0.043860 0.039474
0 0.811404 0.390351 0.035088 0.043860
0 0.673246 0.164474 0.057018 0.039474
0 0.649123 0.214912 0.052632 0.043860
0 0.375000 0.265351 0.030702 0.039474
0 0.416667 0.267544 0.035088 0.043860
0 0.578947 0.265351 0.026316 0.030702
0 0.787281 0.774123 0.039474 0.030702
0 0.767544 0.747807 0.035088 0.030702
0 0.703947 0.697368 0.048246 0.043860
0 0.682018 0.662281 0.030702 0.035088
0 0.785088 0.583333 0.052632 0.035088
0 0.776316 0.548246 0.026316 0.035088
0 0.809211 0.557018 0.021930 0.035088
0 0.383772 0.493421 0.039474 0.048246
0 0.359649 0.572368 0.043860 0.048246
0 0.392544 0.618421 0.030702 0.035088
0 0.410088 0.594298 0.030702 0.039474
0 0.361842 0.333333 0.039474 0.043860
0 0.502193 0.309211 0.048246 0.030702
0 0.660088 0.260965 0.057018 0.030702
0 0.651316 0.293860 0.030702 0.043860
0 0.677632 0.296053 0.039474 0.039474
0 0.416667 0.554825 0.043860 0.048246
0 0.440789 0.515351 0.030702 0.030702
0 0.469298 0.539474 0.035088 0.035088
0 0.763158 0.451754 0.035088 0.026316
0 0.732456 0.475877 0.043860 0.048246
0 0.765351 0.471491 0.030702 0.030702
0 0.655702 0.462719 0.030702 0.039474
0 0.684211 0.471491 0.026316 0.039474
0 0.600877 0.427632 0.035088 0.039474
0 0.633772 0.429825 0.021930 0.035088
0 0.640351 0.388158 0.035088 0.039474
0 0.605263 0.331140 0.043860 0.039474
0 0.561404 0.394737 0.026316 0.052632
0 0.469298 0.375000 0.035088 0.039474
0 0.642544 0.548246 0.039474 0.035088
0 0.521930 0.546053 0.035088 0.048246
0 0.480263 0.587719 0.039474 0.035088
0 0.721491 0.403509 0.039474 0.043860
0 0.690789 0.410088 0.030702 0.048246
0 0.214912 0.280702 0.043860 0.043860
0 0.684211 0.203947 0.035088 0.030702
0 0.739035 0.250000 0.039474 0.035088
0 0.686404 0.543860 0.039474 0.035088
0 0.719298 0.526316 0.035088 0.035088
0 0.135965 0.478070 0.052632 0.043860
0 0.635965 0.504386 0.052632 0.043860
