0 0.662281 0.307018 0.052632 0.070175
0 0.945175 0.282895 0.074561 0.057018
0 0.967105 0.236842 0.057018 0.043860
0 0.396930 0.269737 0.039474 0.048246
0 0.440789 0.276316 0.048246 0.070175
0 0.289474 0.366228 0.061404 0.039474
0 0.364035 0.322368 0.078947 0.057018
0 0.524123 0.348684 0.065789 0.065789
0 0.469298 0.425439 0.043860 0.043860
0 0.427632 0.405702 0.048246 0.039474
0 0.434211 0.456140 0.061404 0.052632
0 0.741228 0.563596 0.052632 0.065789
0 0.725877 0.587719 0.030702 0.043860
0 0.668860 0.550439 0.057018 0.057018
0 0.208333 0.412281 0.048246 0.043860
0 0.370614 0.414474 0.048246 0.048246
0 0.287281 0.447368 0.057018 0.061404
0 0.375000 0.471491 0.057018 0.065789
0 0.046053 0.203947 0.065789 0.083333
0 0.482456 0.530702 0.052632 0.043860
0 0.500000 0.578947 0.061404 0.052632
0 0.616228 0.583333 0.039474 0.035088
0 0.576754 0.609649 0.030702 0.043860
0 0.603070 0.640351 0.030702 0.043860
0 0.723684 0.649123 0.043860 0.043860
0 0.684211 0.673246 0.043860 0.039474
0 0.747807 0.723684 0.065789 0.061404
0 0.274123 0.695175 0.065789 0.065789
0 0.570175 0.703947 0.043860 0.048246
0 0.517544 0.679825 0.052632 0.061404
0 0.467105 0.760965 0.065789 0.048246
0 0.412281 0.789474 0.061404 0.070175
0 0.339912 0.782895 0.057018 0.057018
0 0.278509 0.813596 0.057018 0.065789
0 0.320175 0.815789 0.035088 0.052632
0 0.287281 0.767544 0.039474 0.052632
0 0.660088 0.758772 0.039474 0.052632
0 0.655702 0.811404 0.039474 0.026316
0 0.778509 0.767544 0.065789 0.052632
0 0.701754 0.192982 0.043860 0.061404
0 0.754386 0.184211 0.052632 0.043860
