0 0.157895 0.179825 0.052632 0.043860
0 0.348684 0.162281 0.065789 0.061404
0 0.436404 0.151316 0.048246 0.057018
0 0.535088 0.153509 0.043860 0.052632
0 0.807018 0.201754 0.043860 0.043860
0 0.791667 0.228070 0.039474 0.052632
0 0.907895 0.317982 0.052632 0.057018
0 0.969298 0.429825 0.052632 0.043860
0 0.798246 0.339912 0.052632 0.057018
0 0.896930 0.394737 0.030702 0.026316
0 0.835526 0.410088 0.030702 0.039474
0 0.925439 0.489035 0.043860 0.030702
0 0.916667 0.519737 0.052632 0.039474
0 0.953947 0.587719 0.057018 0.043860
0 0.171053 0.254386 0.052632 0.061404
0 0.574561 0.175439 0.026316 0.026316
0 0.548246 0.206140 0.035088 0.035088
0 0.651316 0.282895 0.030702 0.030702
0 0.625000 0.291667 0.021930 0.021930
0 0.653509 0.322368 0.043860 0.039474
0 0.710526 0.434211 0.052632 0.052632
0 0.859649 0.631579 0.035088 0.043860
0 0.912281 0.697368 0.061404 0.061404
0 0.883772 0.844298 0.057018 0.048246
0 0.668860 0.642544 0.048246 0.048246
0 0.677632 0.513158 0.039474 0.061404
0 0.515351 0.293860 0.048246 0.043860
0 0.464912 0.333333 0.061404 0.052632
0 0.561404 0.510965 0.043860 0.048246
0 0.774123 0.517544 0.030702 0.035088
0 0.774123 0.701754 0.039474 0.043860
0 0.793860 0.723684 0.043860 0.043860
0 0.684211 0.743421 0.070175 0.057018
0 0.567982 0.600877 0.048246 0.043860
0 0.578947 0.671053 0.052632 0.043860
0 0.565789 0.760965 0.052632 0.074561
0 0.451754 0.449561 0.052632 0.057018
0 0.482456 0.548246 0.043860 0.035088
0 0.500000 0.570175 0.043860 0.035088
0 0.333333 0.392544 0.043860 0.057018
0 0.114035 0.353070 0.070175 0.065789
0 0.059211 0.471491 0.030702 0.030702
0 0.043860 0.486842 0.026316 0.035088
0 0.114035 0.600877 0.052632 0.070175
0 0.300439 0.543860 0.048246 0.061404
0 0.263158 0.427632 0.043860 0.048246
0 0.203947 0.438596 0.057018 0.052632
0 0.353070 0.668860 0.057018 0.065789
0 0.247807 0.752193 0.057018 0.057018
0 0.057018 0.697368 0.035088 0.035088
0 0.041667 0.853070 0.039474 0.039474
