0 0.184959 0.136585 0.077236 0.087805
0 0.296748 0.170732 0.089431 0.087805
0 0.461382 0.124390 0.077236 0.102439
0 0.636179 0.056098 0.093496 0.092683
0 0.538618 0.158537 0.085366 0.112195
0 0.699187 0.124390 0.065041 0.121951
0 0.766260 0.160976 0.060976 0.117073
0 0.705285 0.273171 0.109756 0.097561
0 0.504065 0.231707 0.089431 0.082927
0 0.363821 0.302439 0.060976 0.097561
0 0.475610 0.300000 0.097561 0.082927
0 0.402439 0.251220 0.048780 0.102439
0 0.599593 0.317073 0.069106 0.078049
0 0.626016 0.197561 0.056911 0.102439
0 0.792683 0.326829 0.065041 0.117073
0 0.760163 0.431707 0.097561 0.102439
0 0.682927 0.387805 0.073171 0.112195
0 0.583333 0.378049 0.069106 0.063415
0 0.558943 0.443902 0.069106 0.058537
0 0.510163 0.400000 0.052846 0.097561
0 0.245935 0.334146 0.077236 0.092683
0 0.410569 0.414634 0.113821 0.117073
0 0.617886 0.512195 0.089431 0.087805
0 0.705285 0.556098 0.085366 0.107317
0 0.841463 0.617073 0.048780 0.092683
0 0.754065 0.643902 0.044715 0.087805
0 0.798780 0.690244 0.077236 0.063415
0 0.878049 0.790244 0.073171 0.068293
0 0.810976 0.814634 0.069106 0.048780
0 0.821138 0.865854 0.056911 0.063415
0 0.697154 0.717073 0.085366 0.107317
0 0.619919 0.600000 0.060976 0.078049
0 0.878049 0.858537 0.056911 0.068293
0 0.280488 0.473171 0.097561 0.107317
0 0.191057 0.500000 0.089431 0.141463
0 0.386179 0.524390 0.113821 0.112195
0 0.455285 0.582927 0.089431 0.092683
0 0.447154 0.670732 0.089431 0.102439
0 0.565041 0.660976 0.073171 0.082927
0 0.542683 0.704878 0.077236 0.102439
0 0.162602 0.736585 0.073171 0.126829
0 0.243902 0.736585 0.081301 0.097561
0 0.028455 0.924390 0.048780 0.082927
0 0.315041 0.782927 0.085366 0.102439
0 0.384146 0.829268 0.060976 0.058537
0 0.317073 0.892683 0.081301 0.097561
0 0.402439 0.900000 0.065041 0.102439
0 0.634146 0.795122 0.089431 0.078049
0 0.621951 0.875610 0.065041 0.053659
0 0.575203 0.890244 0.052846 0.063415
0 0.774390 0.936585 0.077236 0.097561
0 0.349593 0.629268 0.089431 0.058537
0 0.339431 0.700000 0.077236 0.063415
0 0.247967 0.648780 0.081301 0.078049
0 0.292683 0.570732 0.073171 0.068293
0 0.510163 0.941463 0.044715 0.058537
0 0.217480 0.848780 0.093496 0.097561
