0 0.050439 0.291667 0.039474 0.039474
0 0.116228 0.245614 0.048246 0.052632
0 0.271930 0.182018 0.035088 0.048246
0 0.300439 0.252193 0.039474 0.057018
0 0.767544 0.263158 0.061404 0.052632
0 0.813596 0.250000 0.057018 0.052632
0 0.846491 0.309211 0.043860 0.030702
0 0.921053 0.458333 0.052632 0.048246
0 0.855263 0.337719 0.043860 0.035088
0 0.938596 0.557018 0.052632 0.052632
0 0.171053 0.576754 0.052632 0.048246
0 0.146930 0.618421 0.039474 0.043860
0 0.125000 0.638158 0.039474 0.030702
0 0.067982 0.686404 0.048246 0.048246
0 0.144737 0.725877 0.052632 0.048246
0 0.353070 0.752193 0.039474 0.057018
0 0.361842 0.815789 0.048246 0.043860
0 0.467105 0.519737 0.039474 0.057018
0 0.817982 0.732456 0.039474 0.043860
0 0.877193 0.675439 0.035088 0.043860
0 0.067982 0.649123 0.048246 0.035088
0 0.725877 0.464912 0.039474 0.035088
0 0.635965 0.539474 0.043860 0.043860
0 0.828947 0.526316 0.043860 0.035088
0 0.708333 0.697368 0.030702 0.026316
