0 0.782895 0.331140 0.074561 0.083333
0 0.927632 0.285088 0.100877 0.061404
0 0.550439 0.473684 0.048246 0.052632
0 0.361842 0.300439 0.083333 0.048246
0 0.421053 0.309211 0.052632 0.074561
0 0.307018 0.335526 0.043860 0.065789
0 0.377193 0.368421 0.061404 0.070175
0 0.135965 0.364035 0.052632 0.061404
0 0.296053 0.388158 0.048246 0.039474
0 0.182018 0.712719 0.065789 0.065789
0 0.228070 0.510965 0.070175 0.048246
0 0.405702 0.554825 0.065789 0.057018
0 0.780702 0.513158 0.070175 0.070175
0 0.048246 0.201754 0.078947 0.061404
