0 0.354651 0.041026 0.081395 0.071795
0 0.122093 0.207692 0.089147 0.076923
0 0.071705 0.287179 0.058140 0.112821
0 0.156977 0.289744 0.089147 0.087179
0 0.125969 0.371795 0.081395 0.097436
0 0.643411 0.215385 0.085271 0.082051
0 0.715116 0.271795 0.065891 0.102564
0 0.647287 0.310256 0.062016 0.097436
0 0.711240 0.369231 0.096899 0.082051
0 0.883721 0.210256 0.093023 0.143590
0 0.321705 0.415385 0.085271 0.082051
0 0.267442 0.510256 0.062016 0.117949
0 0.348837 0.515385 0.069767 0.097436
0 0.323643 0.600000 0.089147 0.092308
0 0.860465 0.461538 0.054264 0.102564
0 0.889535 0.492308 0.058140 0.092308
0 0.833333 0.710256 0.062016 0.087179
0 0.883721 0.894872 0.077519 0.076923
0 0.879845 0.964103 0.085271 0.071795
0 0.643411 0.753846 0.069767 0.102564
0 0.540698 0.497436 0.120155 0.153846
0 0.567829 0.730769 0.073643 0.097436
0 0.511628 0.805128 0.062016 0.112821
0 0.585271 0.833333 0.085271 0.076923
0 0.087209 0.623077 0.120155 0.148718
0 0.850775 0.743590 0.065891 0.092308
