0 0.037281 0.175439 0.065789 0.061404
0 0.166667 0.256579 0.087719 0.074561
0 0.370614 0.199561 0.057018 0.065789
0 0.421053 0.201754 0.043860 0.078947
0 0.510965 0.208333 0.039474 0.065789
0 0.603070 0.234649 0.065789 0.074561
0 0.750000 0.225877 0.061404 0.057018
0 0.842105 0.298246 0.105263 0.078947
0 0.728070 0.342105 0.070175 0.078947
0 0.642544 0.385965 0.074561 0.078947
0 0.480263 0.302632 0.057018 0.061404
0 0.440789 0.315789 0.030702 0.035088
0 0.469298 0.348684 0.043860 0.039474
0 0.532895 0.414474 0.057018 0.074561
0 0.971491 0.263158 0.057018 0.070175
0 0.820175 0.410088 0.070175 0.048246
0 0.842105 0.458333 0.070175 0.048246
0 0.758772 0.548246 0.061404 0.087719
0 0.721491 0.625000 0.074561 0.083333
0 0.881579 0.708333 0.052632 0.065789
0 0.839912 0.719298 0.057018 0.070175
0 0.953947 0.802632 0.074561 0.043860
0 0.962719 0.850877 0.074561 0.043860
0 0.701754 0.747807 0.078947 0.065789
0 0.563596 0.800439 0.065789 0.057018
0 0.508772 0.728070 0.078947 0.070175
0 0.587719 0.521930 0.078947 0.070175
0 0.484649 0.589912 0.057018 0.065789
0 0.521930 0.629386 0.061404 0.057018
0 0.425439 0.440789 0.070175 0.083333
0 0.298246 0.385965 0.061404 0.061404
0 0.052632 0.342105 0.087719 0.070175
0 0.177632 0.425439 0.074561 0.070175
0 0.282895 0.497807 0.048246 0.039474
0 0.260965 0.510965 0.048246 0.039474
0 0.381579 0.559211 0.052632 0.039474
0 0.357456 0.589912 0.074561 0.065789
0 0.271930 0.642544 0.035088 0.057018
0 0.236842 0.655702 0.070175 0.074561
0 0.089912 0.625000 0.048246 0.057018
0 0.039474 0.614035 0.043860 0.070175
0 0.311404 0.820175 0.052632 0.043860
0 0.337719 0.844298 0.043860 0.039474
0 0.155702 0.153509 0.048246 0.043860
