0 0.289474 0.201754 0.078947 0.087719
0 0.469298 0.127193 0.070175 0.096491
0 0.561404 0.155702 0.078947 0.100877
0 0.594298 0.081140 0.074561 0.074561
0 0.241228 0.267544 0.087719 0.105263
0 0.046053 0.322368 0.083333 0.092105
0 0.234649 0.399123 0.074561 0.078947
0 0.817982 0.432018 0.092105 0.083333
0 0.094298 0.671053 0.092105 0.078947
0 0.440789 0.671053 0.048246 0.078947
0 0.831140 0.655702 0.074561 0.074561
0 0.831140 0.493421 0.065789 0.039474
0 0.385965 0.668860 0.061404 0.074561
0 0.497807 0.804825 0.074561 0.057018
0 0.550439 0.881579 0.057018 0.061404
0 0.940789 0.866228 0.083333 0.092105
0 0.554825 0.745614 0.048246 0.043860
0 0.370614 0.771930 0.057018 0.070175
0 0.412281 0.743421 0.052632 0.057018
0 0.530702 0.706140 0.043860 0.043860
0 0.484649 0.743421 0.048246 0.065789
0 0.489035 0.668860 0.039474 0.039474
0 0.432018 0.802632 0.057018 0.061404
