0 0.041667 0.300439 0.057018 0.057018
0 0.504386 0.201754 0.043860 0.043860
0 0.914474 0.157895 0.048246 0.061404
0 0.905702 0.280702 0.057018 0.087719
0 0.947368 0.473684 0.043860 0.070175
0 0.730263 0.458333 0.057018 0.048246
0 0.848684 0.524123 0.065789 0.092105
0 0.620614 0.513158 0.083333 0.052632
0 0.603070 0.563596 0.074561 0.048246
0 0.743421 0.127193 0.083333 0.043860
0 0.760965 0.609649 0.074561 0.061404
0 0.210526 0.574561 0.087719 0.035088
0 0.269737 0.741228 0.074561 0.043860
0 0.440789 0.706140 0.065789 0.070175
0 0.554825 0.708333 0.048246 0.092105
0 0.725877 0.824561 0.065789 0.078947
0 0.456140 0.967105 0.043860 0.048246
0 0.877193 0.660088 0.052632 0.048246
