0 0.449561 0.285088 0.057018 0.043860
0 0.423246 0.335526 0.048246 0.021930
0 0.464912 0.377193 0.061404 0.026316
0 0.471491 0.421053 0.030702 0.043860
0 0.432018 0.471491 0.030702 0.021930
0 0.438596 0.519737 0.035088 0.048246
0 0.401316 0.502193 0.039474 0.057018
0 0.368421 0.521930 0.026316 0.035088
0 0.307018 0.521930 0.035088 0.043860
0 0.307018 0.467105 0.052632 0.048246
0 0.361842 0.475877 0.039474 0.048246
0 0.396930 0.440789 0.039474 0.039474
0 0.390351 0.366228 0.043860 0.048246
0 0.385965 0.276316 0.052632 0.052632
0 0.350877 0.317982 0.035088 0.030702
0 0.346491 0.355263 0.052632 0.035088
0 0.300439 0.394737 0.048246 0.043860
0 0.346491 0.412281 0.035088 0.026316
0 0.087719 0.734649 0.043860 0.039474
