0 0.131048 0.081281 0.068548 0.073892
0 0.340726 0.083744 0.076613 0.078818
0 0.419355 0.120690 0.072581 0.093596
0 0.596774 0.059113 0.072581 0.088670
0 0.653226 0.081281 0.056452 0.073892
0 0.862903 0.125616 0.096774 0.123153
0 0.649194 0.162562 0.064516 0.088670
0 0.534274 0.128079 0.068548 0.098522
0 0.344758 0.157635 0.076613 0.068966
0 0.167339 0.169951 0.084677 0.093596
0 0.082661 0.184729 0.060484 0.093596
0 0.201613 0.268473 0.080645 0.073892
0 0.266129 0.389163 0.064516 0.068966
0 0.370968 0.379310 0.072581 0.078818
0 0.705645 0.266010 0.080645 0.078818
0 0.780242 0.349754 0.060484 0.088670
0 0.891129 0.448276 0.088710 0.118227
0 0.719758 0.381773 0.060484 0.093596
0 0.639113 0.399015 0.060484 0.098522
0 0.399194 0.502463 0.064516 0.088670
0 0.328629 0.534483 0.060484 0.083744
0 0.905242 0.689655 0.092742 0.128079
0 0.705645 0.583744 0.096774 0.123153
0 0.645161 0.820197 0.096774 0.133005
0 0.542339 0.672414 0.100806 0.133005
0 0.385081 0.719212 0.068548 0.088670
0 0.209677 0.598522 0.072581 0.073892
0 0.221774 0.674877 0.072581 0.078818
0 0.129032 0.610837 0.064516 0.088670
0 0.116935 0.775862 0.080645 0.083744
0 0.298387 0.812808 0.072581 0.088670
0 0.411290 0.849754 0.064516 0.093596
0 0.308468 0.894089 0.076613 0.073892
0 0.395161 0.214286 0.072581 0.083744
