0 0.285088 0.149123 0.061404 0.035088
0 0.287281 0.203947 0.065789 0.030702
0 0.635965 0.263158 0.052632 0.043860
0 0.822368 0.383772 0.048246 0.039474
0 0.888158 0.528509 0.074561 0.057018
0 0.914474 0.717105 0.083333 0.057018
0 0.785088 0.710526 0.043860 0.070175
0 0.598684 0.322368 0.039474 0.074561
0 0.484649 0.313596 0.039474 0.074561
0 0.447368 0.339912 0.052632 0.083333
0 0.342105 0.346491 0.061404 0.070175
0 0.752193 0.438596 0.048246 0.052632
0 0.504386 0.407895 0.061404 0.035088
0 0.526316 0.598684 0.061404 0.048246
0 0.567982 0.618421 0.065789 0.061404
0 0.605263 0.703947 0.052632 0.057018
0 0.618421 0.782895 0.035088 0.048246
0 0.039474 0.653509 0.035088 0.061404
0 0.019737 0.679825 0.030702 0.061404
0 0.300439 0.506579 0.048246 0.057018
0 0.607456 0.752193 0.048246 0.030702
