0 0.090000 0.030651 0.046667 0.038314
0 0.140000 0.086207 0.040000 0.049808
0 0.350000 0.080460 0.046667 0.061303
0 0.535000 0.074713 0.050000 0.065134
0 0.643333 0.034483 0.046667 0.061303
0 0.758333 0.053640 0.043333 0.045977
0 0.751667 0.099617 0.036667 0.038314
0 0.750000 0.245211 0.060000 0.061303
0 0.853333 0.327586 0.046667 0.072797
0 0.945000 0.628352 0.050000 0.061303
0 0.683333 0.496169 0.046667 0.049808
0 0.616667 0.517241 0.053333 0.068966
0 0.776667 0.812261 0.053333 0.068966
0 0.783333 0.881226 0.046667 0.053640
0 0.296667 0.348659 0.046667 0.045977
0 0.218333 0.289272 0.043333 0.049808
0 0.368333 0.243295 0.036667 0.042146
0 0.578333 0.356322 0.056667 0.053640
0 0.293333 0.425287 0.066667 0.076628
0 0.043333 0.517241 0.033333 0.045977
0 0.240000 0.568966 0.046667 0.057471
0 0.170000 0.672414 0.053333 0.057471
0 0.136667 0.762452 0.046667 0.038314
0 0.151667 0.814176 0.056667 0.065134
0 0.266667 0.787356 0.046667 0.057471
0 0.328333 0.823755 0.050000 0.045977
0 0.401667 0.839080 0.043333 0.045977
0 0.510000 0.886973 0.053333 0.049808
0 0.678333 0.789272 0.043333 0.045977
0 0.686667 0.871648 0.040000 0.049808
