0 0.032692 0.046392 0.057692 0.082474
0 0.150000 0.023196 0.069231 0.036082
0 0.265385 0.025773 0.076923 0.041237
0 0.194231 0.090206 0.057692 0.097938
0 0.375000 0.064433 0.057692 0.067010
0 0.488462 0.043814 0.076923 0.077320
0 0.571154 0.064433 0.057692 0.118557
0 0.501923 0.149485 0.057692 0.082474
0 0.426923 0.152062 0.046154 0.097938
0 0.353846 0.175258 0.053846 0.082474
0 0.153846 0.193299 0.069231 0.056701
0 0.046154 0.229381 0.038462 0.087629
0 0.078846 0.309278 0.034615 0.092784
0 0.026923 0.358247 0.046154 0.097938
0 0.213462 0.242268 0.050000 0.072165
0 0.157692 0.319588 0.053846 0.103093
0 0.246154 0.288660 0.084615 0.072165
0 0.378846 0.286082 0.080769 0.056701
0 0.678846 0.046392 0.065385 0.082474
0 0.725000 0.092784 0.073077 0.072165
0 0.765385 0.126289 0.038462 0.087629
0 0.678846 0.180412 0.050000 0.092784
0 0.757692 0.216495 0.046154 0.082474
0 0.823077 0.229381 0.046154 0.097938
0 0.813462 0.087629 0.042308 0.092784
0 0.855769 0.061856 0.057692 0.082474
0 0.919231 0.115979 0.092308 0.087629
0 0.903846 0.043814 0.053846 0.056701
0 0.919231 0.211340 0.084615 0.082474
0 0.894231 0.335052 0.073077 0.082474
0 0.973077 0.345361 0.053846 0.113402
0 0.948077 0.443299 0.080769 0.072165
0 0.851923 0.430412 0.073077 0.056701
0 0.748077 0.332474 0.073077 0.097938
0 0.713462 0.427835 0.073077 0.113402
0 0.775000 0.466495 0.050000 0.097938
0 0.580769 0.301546 0.053846 0.056701
0 0.592308 0.365979 0.076923 0.061856
0 0.600000 0.404639 0.046154 0.056701
0 0.625000 0.440722 0.057692 0.046392
0 0.632692 0.494845 0.057692 0.092784
0 0.494231 0.350515 0.057692 0.092784
0 0.423077 0.373711 0.069231 0.067010
0 0.375000 0.422680 0.057692 0.082474
0 0.290385 0.425258 0.065385 0.108247
0 0.196154 0.394330 0.061538 0.056701
0 0.098077 0.430412 0.057692 0.087629
0 0.059615 0.510309 0.065385 0.072165
0 0.169231 0.489691 0.046154 0.103093
0 0.228846 0.489691 0.050000 0.092784
0 0.346154 0.497423 0.038462 0.087629
0 0.390385 0.502577 0.050000 0.087629
0 0.478846 0.481959 0.073077 0.077320
0 0.023077 0.675258 0.038462 0.082474
0 0.113462 0.682990 0.080769 0.077320
0 0.215385 0.623711 0.046154 0.103093
0 0.325000 0.662371 0.080769 0.056701
0 0.398077 0.659794 0.073077 0.082474
0 0.478846 0.628866 0.057692 0.092784
0 0.253846 0.734536 0.084615 0.067010
0 0.365385 0.737113 0.038462 0.051546
0 0.121154 0.876289 0.057692 0.092784
0 0.253846 0.899485 0.061538 0.087629
0 0.371154 0.909794 0.080769 0.077320
0 0.342308 0.757732 0.038462 0.061856
0 0.367308 0.801546 0.034615 0.046392
0 0.486538 0.798969 0.042308 0.092784
0 0.546154 0.755155 0.046154 0.097938
0 0.542308 0.896907 0.053846 0.092784
0 0.542308 0.600515 0.061538 0.097938
0 0.601923 0.677835 0.019231 0.067010
0 0.621154 0.708763 0.042308 0.056701
0 0.601923 0.811856 0.050000 0.097938
0 0.698077 0.680412 0.050000 0.092784
0 0.667308 0.786082 0.042308 0.056701
0 0.740385 0.613402 0.073077 0.092784
0 0.832692 0.592784 0.050000 0.051546
0 0.942308 0.530928 0.061538 0.051546
0 0.961538 0.670103 0.053846 0.103093
0 0.844231 0.682990 0.080769 0.067010
0 0.775000 0.762887 0.073077 0.092784
0 0.884615 0.791237 0.046154 0.097938
0 0.969231 0.827320 0.061538 0.056701
0 0.911538 0.902062 0.076923 0.051546
0 0.776923 0.920103 0.053846 0.097938
0 0.682692 0.889175 0.042308 0.067010
0 0.625000 0.938144 0.080769 0.092784
0 0.709615 0.868557 0.034615 0.056701
0 0.721154 0.969072 0.080769 0.061856
0 0.855769 0.971649 0.080769 0.056701
