0 0.157197 0.324607 0.094697 0.136126
0 0.142045 0.685864 0.109848 0.157068
0 0.357955 0.335079 0.094697 0.146597
0 0.333333 0.717277 0.128788 0.188482
0 0.520833 0.219895 0.079545 0.104712
0 0.628788 0.159686 0.083333 0.130890
0 0.562500 0.371728 0.079545 0.125654
0 0.676136 0.324607 0.087121 0.136126
0 0.905303 0.096859 0.090909 0.130890
0 0.660985 0.583770 0.087121 0.120419
0 0.626894 0.719895 0.079545 0.109948
0 0.785985 0.714660 0.094697 0.120419
0 0.723485 0.853403 0.075758 0.125654
0 0.916667 0.609948 0.075758 0.120419
0 0.965909 0.780105 0.068182 0.104712
0 0.943182 0.884817 0.075758 0.094241
