0 0.314286 0.092233 0.081633 0.087379
0 0.404082 0.101942 0.073469 0.097087
0 0.242857 0.182039 0.077551 0.111650
0 0.334694 0.191748 0.089796 0.092233
0 0.477551 0.220874 0.097959 0.092233
0 0.402041 0.291262 0.069388 0.106796
0 0.175510 0.286408 0.081633 0.087379
0 0.130612 0.378641 0.057143 0.087379
0 0.204082 0.378641 0.073469 0.106796
0 0.155102 0.468447 0.089796 0.072816
0 0.334694 0.434466 0.073469 0.092233
0 0.371429 0.526699 0.065306 0.072816
0 0.293878 0.541262 0.081633 0.111650
0 0.248980 0.453883 0.057143 0.082524
0 0.671429 0.169903 0.093878 0.097087
0 0.777551 0.208738 0.077551 0.106796
0 0.710204 0.247573 0.081633 0.077670
0 0.624490 0.247573 0.081633 0.116505
0 0.489796 0.315534 0.089796 0.087379
0 0.440816 0.388350 0.073469 0.097087
0 0.818367 0.356796 0.085714 0.101942
0 0.726531 0.349515 0.089796 0.087379
0 0.863265 0.463592 0.093878 0.101942
0 0.585714 0.417476 0.077551 0.097087
0 0.526531 0.490291 0.081633 0.097087
0 0.685714 0.439320 0.073469 0.111650
0 0.767347 0.441748 0.073469 0.097087
0 0.861224 0.565534 0.073469 0.092233
0 0.612245 0.536408 0.073469 0.111650
0 0.536735 0.589806 0.093878 0.082524
0 0.726531 0.594660 0.073469 0.111650
0 0.800000 0.626214 0.073469 0.087379
0 0.326531 0.699029 0.114286 0.106796
0 0.210204 0.740291 0.102041 0.131068
0 0.418367 0.769417 0.085714 0.140777
0 0.559184 0.779126 0.097959 0.131068
0 0.659184 0.820388 0.093878 0.126214
0 0.769388 0.808252 0.093878 0.131068
0 0.740816 0.932039 0.118367 0.116505
0 0.148980 0.941748 0.110204 0.116505
0 0.267347 0.963592 0.102041 0.072816
0 0.534694 0.963592 0.114286 0.072816
0 0.308163 0.822816 0.110204 0.111650
