0 0.144841 0.187500 0.099206 0.115000
0 0.188492 0.275000 0.083333 0.100000
0 0.281746 0.315000 0.087302 0.120000
0 0.138889 0.385000 0.095238 0.120000
0 0.577381 0.155000 0.130952 0.170000
0 0.918651 0.527500 0.115079 0.165000
0 0.706349 0.532500 0.087302 0.105000
0 0.674603 0.612500 0.087302 0.115000
0 0.692460 0.727500 0.099206 0.095000
0 0.593254 0.677500 0.083333 0.125000
0 0.422619 0.687500 0.099206 0.115000
0 0.321429 0.637500 0.087302 0.125000
0 0.376984 0.810000 0.079365 0.110000
0 0.267857 0.760000 0.091270 0.130000
0 0.093254 0.927500 0.091270 0.115000
