0 0.394737 0.177632 0.035088 0.048246
0 0.471491 0.173246 0.030702 0.021930
0 0.495614 0.190789 0.035088 0.030702
0 0.550439 0.219298 0.030702 0.026316
0 0.649123 0.269737 0.043860 0.039474
0 0.585526 0.254386 0.039474 0.043860
0 0.530702 0.274123 0.026316 0.021930
0 0.638158 0.317982 0.039474 0.030702
0 0.625000 0.458333 0.039474 0.039474
0 0.625000 0.401316 0.039474 0.048246
0 0.603070 0.357456 0.030702 0.030702
0 0.546053 0.344298 0.021930 0.030702
0 0.581140 0.348684 0.030702 0.030702
0 0.513158 0.328947 0.026316 0.035088
0 0.491228 0.307018 0.026316 0.035088
0 0.401316 0.247807 0.030702 0.030702
0 0.407895 0.276316 0.026316 0.035088
0 0.438596 0.346491 0.035088 0.017544
0 0.493421 0.392544 0.021930 0.039474
0 0.517544 0.403509 0.026316 0.035088
0 0.572368 0.423246 0.030702 0.039474
0 0.478070 0.239035 0.043860 0.039474
0 0.361842 0.366228 0.039474 0.039474
0 0.331140 0.291667 0.030702 0.030702
0 0.399123 0.392544 0.026316 0.039474
0 0.467105 0.451754 0.030702 0.035088
0 0.515351 0.467105 0.030702 0.030702
0 0.460526 0.510965 0.043860 0.048246
0 0.495614 0.546053 0.035088 0.039474
0 0.293860 0.377193 0.035088 0.035088
0 0.276316 0.396930 0.035088 0.030702
0 0.315789 0.432018 0.043860 0.039474
0 0.366228 0.475877 0.030702 0.039474
0 0.410088 0.504386 0.039474 0.035088
0 0.473684 0.594298 0.035088 0.030702
0 0.427632 0.557018 0.021930 0.026316
0 0.436404 0.605263 0.030702 0.026316
0 0.449561 0.660088 0.030702 0.048246
0 0.421053 0.655702 0.035088 0.039474
0 0.401316 0.596491 0.030702 0.035088
0 0.129386 0.539474 0.030702 0.035088
0 0.133772 0.585526 0.057018 0.039474
0 0.048246 0.396930 0.043860 0.039474
0 0.065789 0.438596 0.043860 0.035088
0 0.021930 0.530702 0.035088 0.035088
0 0.041667 0.585526 0.048246 0.039474
0 0.548246 0.155702 0.035088 0.039474
