0 0.697368 0.254386 0.043860 0.043860
0 0.820175 0.309211 0.043860 0.039474
0 0.947368 0.225877 0.043860 0.048246
0 0.927632 0.315789 0.048246 0.035088
0 0.947368 0.434211 0.043860 0.043860
0 0.938596 0.627193 0.035088 0.043860
0 0.888158 0.627193 0.048246 0.052632
0 0.778509 0.168860 0.048246 0.039474
0 0.699561 0.149123 0.039474 0.043860
0 0.732456 0.138158 0.026316 0.039474
0 0.710526 0.372807 0.043860 0.043860
0 0.752193 0.322368 0.039474 0.039474
0 0.789474 0.429825 0.052632 0.052632
0 0.796053 0.478070 0.048246 0.043860
0 0.796053 0.521930 0.057018 0.043860
0 0.664474 0.412281 0.048246 0.035088
0 0.752193 0.567982 0.048246 0.039474
0 0.649123 0.550439 0.043860 0.048246
0 0.537281 0.392544 0.048246 0.039474
0 0.559211 0.438596 0.039474 0.035088
0 0.657895 0.614035 0.043860 0.043860
0 0.769737 0.853070 0.039474 0.030702
0 0.653509 0.767544 0.043860 0.043860
0 0.666667 0.714912 0.043860 0.035088
0 0.686404 0.673246 0.039474 0.039474
0 0.589912 0.142544 0.039474 0.030702
0 0.515351 0.162281 0.039474 0.035088
0 0.510965 0.267544 0.048246 0.052632
0 0.473684 0.278509 0.043860 0.048246
0 0.458333 0.344298 0.030702 0.030702
0 0.445175 0.390351 0.039474 0.035088
0 0.480263 0.440789 0.039474 0.048246
0 0.521930 0.462719 0.043860 0.048246
0 0.471491 0.489035 0.048246 0.039474
0 0.598684 0.526316 0.039474 0.035088
0 0.546053 0.489035 0.030702 0.039474
0 0.554825 0.581140 0.048246 0.048246
0 0.473684 0.596491 0.043860 0.043860
0 0.587719 0.728070 0.043860 0.043860
0 0.526316 0.723684 0.043860 0.043860
0 0.598684 0.848684 0.039474 0.039474
0 0.548246 0.853070 0.043860 0.030702
0 0.392544 0.186404 0.048246 0.048246
0 0.322368 0.160088 0.048246 0.048246
0 0.418860 0.504386 0.048246 0.043860
0 0.425439 0.585526 0.043860 0.039474
0 0.407895 0.638158 0.043860 0.039474
0 0.421053 0.679825 0.043860 0.043860
0 0.280702 0.315789 0.052632 0.043860
0 0.210526 0.155702 0.043860 0.048246
0 0.197368 0.252193 0.043860 0.039474
0 0.241228 0.217105 0.035088 0.048246
0 0.377193 0.234649 0.035088 0.039474
0 0.333333 0.603070 0.043860 0.039474
0 0.346491 0.642544 0.052632 0.039474
0 0.484649 0.796053 0.030702 0.039474
0 0.464912 0.756579 0.035088 0.030702
0 0.464912 0.712719 0.035088 0.039474
0 0.401316 0.717105 0.039474 0.039474
0 0.337719 0.745614 0.043860 0.052632
0 0.377193 0.747807 0.035088 0.039474
0 0.451754 0.822368 0.035088 0.030702
0 0.313596 0.837719 0.039474 0.043860
0 0.199561 0.758772 0.039474 0.052632
0 0.142544 0.750000 0.039474 0.052632
0 0.221491 0.521930 0.039474 0.043860
0 0.188596 0.458333 0.043860 0.039474
0 0.142544 0.491228 0.039474 0.035088
0 0.252193 0.750000 0.048246 0.043860
0 0.291667 0.605263 0.039474 0.043860
0 0.342105 0.293860 0.035088 0.035088
0 0.405702 0.307018 0.030702 0.035088
0 0.175439 0.598684 0.043860 0.039474
0 0.067982 0.657895 0.039474 0.035088
0 0.085526 0.745614 0.039474 0.043860
0 0.063596 0.535088 0.039474 0.035088
0 0.085526 0.456140 0.048246 0.052632
0 0.111842 0.355263 0.048246 0.043860
0 0.114035 0.291667 0.035088 0.039474
0 0.103070 0.243421 0.048246 0.039474
0 0.026316 0.355263 0.043860 0.035088
0 0.048246 0.320175 0.035088 0.035088
0 0.263158 0.276316 0.043860 0.035088
0 0.337719 0.234649 0.043860 0.048246
0 0.171053 0.324561 0.035088 0.043860
0 0.177632 0.361842 0.030702 0.030702
0 0.293860 0.357456 0.052632 0.039474
0 0.085526 0.695175 0.039474 0.030702
0 0.300439 0.528509 0.039474 0.039474
0 0.475877 0.550439 0.039474 0.030702
0 0.688596 0.447368 0.035088 0.026316
0 0.052632 0.184211 0.043860 0.035088
0 0.723684 0.605263 0.035088 0.043860
0 0.791667 0.581140 0.039474 0.039474
0 0.096491 0.567982 0.035088 0.048246
0 0.572368 0.769737 0.039474 0.039474
