0 0.244048 0.160000 0.075397 0.110000
0 0.337302 0.197500 0.087302 0.105000
0 0.160714 0.217500 0.083333 0.105000
0 0.255952 0.295000 0.083333 0.110000
0 0.150794 0.335000 0.087302 0.110000
0 0.208333 0.435000 0.075397 0.100000
0 0.307540 0.430000 0.083333 0.110000
0 0.367063 0.317500 0.083333 0.095000
0 0.716270 0.150000 0.075397 0.100000
0 0.630952 0.212500 0.095238 0.125000
0 0.805556 0.190000 0.095238 0.130000
0 0.837302 0.310000 0.095238 0.110000
0 0.724206 0.295000 0.091270 0.120000
0 0.617063 0.330000 0.083333 0.110000
0 0.674603 0.422500 0.095238 0.115000
0 0.775794 0.430000 0.083333 0.100000
0 0.418651 0.635000 0.075397 0.110000
0 0.595238 0.612500 0.087302 0.105000
0 0.511905 0.717500 0.079365 0.105000
0 0.623016 0.735000 0.079365 0.100000
0 0.460317 0.847500 0.079365 0.105000
0 0.557540 0.852500 0.083333 0.105000
