0 0.440789 0.151316 0.057018 0.057018
0 0.276316 0.203947 0.061404 0.057018
0 0.951754 0.188596 0.061404 0.052632
0 0.885965 0.221491 0.052632 0.048246
0 0.085526 0.206140 0.057018 0.035088
0 0.114035 0.239035 0.052632 0.030702
0 0.059211 0.311404 0.065789 0.035088
0 0.076754 0.342105 0.074561 0.061404
0 0.278509 0.276316 0.057018 0.061404
0 0.429825 0.322368 0.043860 0.057018
0 0.730263 0.357456 0.057018 0.048246
0 0.760965 0.381579 0.048246 0.035088
0 0.855263 0.414474 0.052632 0.048246
0 0.815789 0.436404 0.052632 0.057018
0 0.765351 0.436404 0.048246 0.065789
0 0.730263 0.432018 0.039474 0.057018
0 0.282895 0.436404 0.074561 0.039474
0 0.192982 0.458333 0.070175 0.048246
0 0.282895 0.473684 0.074561 0.035088
0 0.368421 0.381579 0.043860 0.061404
0 0.407895 0.405702 0.035088 0.065789
0 0.331140 0.276316 0.039474 0.035088
0 0.331140 0.232456 0.048246 0.035088
0 0.028509 0.489035 0.048246 0.074561
0 0.260965 0.583333 0.057018 0.061404
0 0.182018 0.594298 0.039474 0.039474
0 0.164474 0.635965 0.039474 0.043860
0 0.208333 0.642544 0.030702 0.057018
0 0.677632 0.567982 0.039474 0.048246
0 0.736842 0.594298 0.052632 0.048246
0 0.714912 0.622807 0.043860 0.035088
0 0.644737 0.589912 0.052632 0.048246
0 0.539474 0.543860 0.035088 0.043860
0 0.589912 0.625000 0.057018 0.057018
0 0.473684 0.618421 0.052632 0.043860
0 0.423246 0.620614 0.048246 0.030702
0 0.291667 0.706140 0.057018 0.026316
0 0.296053 0.631579 0.048246 0.043860
0 0.317982 0.607456 0.039474 0.039474
0 0.252193 0.802632 0.057018 0.061404
0 0.337719 0.732456 0.035088 0.052632
0 0.317982 0.758772 0.030702 0.061404
0 0.280702 0.743421 0.043860 0.039474
0 0.418860 0.664474 0.048246 0.039474
0 0.451754 0.745614 0.035088 0.087719
0 0.539474 0.730263 0.035088 0.030702
0 0.620614 0.482456 0.065789 0.052632
0 0.640351 0.392544 0.043860 0.065789
0 0.482456 0.820175 0.061404 0.052632
0 0.535088 0.826754 0.035088 0.048246
0 0.460526 0.337719 0.026316 0.035088
0 0.785088 0.285088 0.043860 0.052632
0 0.802632 0.221491 0.043860 0.057018
0 0.418860 0.201754 0.100877 0.052632
0 0.572368 0.357456 0.048246 0.048246
0 0.458333 0.401316 0.048246 0.048246
0 0.758772 0.223684 0.043860 0.043860
