0 0.770000 0.023474 0.040000 0.037559
0 0.468333 0.396714 0.036667 0.061033
0 0.621667 0.150235 0.036667 0.056338
0 0.380000 0.300469 0.046667 0.037559
0 0.330000 0.312207 0.033333 0.051643
0 0.345000 0.361502 0.036667 0.046948
0 0.391667 0.340376 0.043333 0.042254
0 0.400000 0.387324 0.040000 0.061033
0 0.256667 0.450704 0.033333 0.046948
0 0.291667 0.481221 0.036667 0.061033
0 0.120000 0.563380 0.053333 0.056338
0 0.420000 0.568075 0.033333 0.056338
0 0.543333 0.669014 0.033333 0.070423
0 0.863333 0.497653 0.033333 0.065728
0 0.830000 0.488263 0.026667 0.065728
0 0.983333 0.438967 0.033333 0.061033
0 0.215000 0.420188 0.036667 0.061033
0 0.636667 0.638498 0.033333 0.056338
0 0.616667 0.690141 0.026667 0.065728
0 0.693333 0.694836 0.026667 0.046948
0 0.726667 0.720657 0.033333 0.070423
0 0.655000 0.753521 0.023333 0.042254
0 0.751667 0.793427 0.036667 0.056338
0 0.685000 0.833333 0.030000 0.051643
