0 0.341667 0.044177 0.043333 0.056225
0 0.293333 0.070281 0.033333 0.060241
0 0.231667 0.100402 0.050000 0.056225
0 0.221667 0.152610 0.056667 0.056225
0 0.275000 0.178715 0.050000 0.036145
0 0.128333 0.152610 0.043333 0.056225
0 0.183333 0.186747 0.033333 0.052209
0 0.220000 0.198795 0.026667 0.044177
0 0.546667 0.046185 0.053333 0.052209
0 0.501667 0.110442 0.043333 0.052209
0 0.456667 0.110442 0.026667 0.060241
0 0.398333 0.214859 0.043333 0.068273
0 0.516667 0.214859 0.053333 0.052209
0 0.815000 0.076305 0.043333 0.040161
0 0.921667 0.128514 0.036667 0.064257
0 0.853333 0.128514 0.053333 0.048193
0 0.775000 0.136546 0.050000 0.048193
0 0.940000 0.188755 0.046667 0.056225
0 0.866667 0.220884 0.046667 0.048193
0 0.803333 0.200803 0.046667 0.056225
0 0.973333 0.244980 0.053333 0.072289
0 0.323333 0.236948 0.040000 0.056225
0 0.263333 0.236948 0.053333 0.048193
0 0.211667 0.267068 0.050000 0.052209
0 0.083333 0.293173 0.033333 0.048193
0 0.103333 0.363454 0.040000 0.052209
0 0.058333 0.385542 0.036667 0.040161
0 0.101667 0.451807 0.036667 0.044177
0 0.193333 0.355422 0.033333 0.068273
0 0.263333 0.393574 0.033333 0.064257
0 0.291667 0.303213 0.050000 0.068273
0 0.383333 0.303213 0.040000 0.068273
0 0.475000 0.301205 0.036667 0.064257
0 0.458333 0.347390 0.036667 0.052209
0 0.561667 0.299197 0.036667 0.068273
0 0.530000 0.357430 0.040000 0.040161
0 0.491667 0.411647 0.050000 0.052209
0 0.423333 0.395582 0.040000 0.052209
0 0.335000 0.365462 0.050000 0.064257
0 0.393333 0.437751 0.040000 0.048193
0 0.733333 0.242972 0.046667 0.068273
0 0.840000 0.303213 0.053333 0.060241
0 0.930000 0.307229 0.046667 0.068273
0 0.981667 0.341365 0.036667 0.056225
0 0.965000 0.463855 0.056667 0.068273
0 0.935000 0.506024 0.036667 0.056225
0 0.856667 0.459839 0.053333 0.052209
0 0.826667 0.403614 0.033333 0.052209
0 0.908333 0.393574 0.036667 0.056225
0 0.668333 0.361446 0.056667 0.056225
0 0.763333 0.401606 0.040000 0.056225
0 0.703333 0.395582 0.026667 0.044177
0 0.596667 0.421687 0.040000 0.064257
0 0.665000 0.449799 0.043333 0.048193
0 0.843333 0.512048 0.040000 0.044177
0 0.868333 0.576305 0.050000 0.044177
0 0.860000 0.652610 0.046667 0.060241
0 0.956667 0.638554 0.046667 0.064257
0 0.906667 0.672691 0.033333 0.060241
0 0.970000 0.726908 0.046667 0.040161
0 0.890000 0.761044 0.046667 0.060241
0 0.896667 0.863454 0.066667 0.056225
0 0.811667 0.682731 0.043333 0.064257
0 0.781667 0.516064 0.036667 0.052209
0 0.730000 0.528112 0.033333 0.052209
0 0.740000 0.624498 0.040000 0.044177
0 0.688333 0.592369 0.036667 0.060241
0 0.656667 0.534137 0.040000 0.064257
0 0.643333 0.580321 0.040000 0.060241
0 0.610000 0.520080 0.040000 0.044177
0 0.551667 0.520080 0.043333 0.060241
0 0.530000 0.463855 0.040000 0.044177
0 0.490000 0.530120 0.053333 0.072289
0 0.340000 0.463855 0.040000 0.052209
0 0.290000 0.485944 0.040000 0.064257
0 0.226667 0.473896 0.026667 0.048193
0 0.265000 0.550201 0.043333 0.048193
0 0.418333 0.520080 0.050000 0.044177
0 0.746667 0.755020 0.060000 0.056225
0 0.646667 0.678715 0.046667 0.064257
0 0.578333 0.600402 0.036667 0.068273
0 0.531667 0.582329 0.036667 0.064257
0 0.526667 0.652610 0.046667 0.076305
0 0.603333 0.702811 0.046667 0.048193
0 0.610000 0.753012 0.040000 0.052209
0 0.658333 0.811245 0.050000 0.056225
0 0.595000 0.839357 0.056667 0.064257
0 0.368333 0.560241 0.043333 0.060241
0 0.301667 0.620482 0.043333 0.060241
0 0.236667 0.656627 0.053333 0.060241
0 0.373333 0.640562 0.040000 0.036145
0 0.438333 0.586345 0.036667 0.064257
0 0.428333 0.652610 0.056667 0.076305
0 0.476667 0.666667 0.046667 0.064257
0 0.405000 0.718876 0.043333 0.056225
0 0.511667 0.781124 0.036667 0.068273
0 0.311667 0.706827 0.050000 0.048193
0 0.231667 0.765060 0.043333 0.060241
0 0.315000 0.807229 0.056667 0.056225
0 0.385000 0.785141 0.043333 0.052209
0 0.270000 0.865462 0.040000 0.068273
0 0.418333 0.859438 0.050000 0.056225
0 0.171667 0.805221 0.043333 0.060241
0 0.175000 0.867470 0.050000 0.048193
0 0.111667 0.815261 0.043333 0.064257
0 0.108333 0.708835 0.036667 0.036145
