0 0.048980 0.102439 0.089796 0.097561
0 0.346939 0.131707 0.089796 0.087805
0 0.310204 0.212195 0.073469 0.073171
0 0.285714 0.302439 0.097959 0.087805
0 0.377551 0.253659 0.061224 0.107317
0 0.128571 0.395122 0.077551 0.068293
0 0.159184 0.256098 0.057143 0.082927
0 0.104082 0.312195 0.061224 0.078049
0 0.030612 0.373171 0.053061 0.092683
0 0.522449 0.085366 0.081633 0.092683
0 0.485714 0.156098 0.065306 0.107317
0 0.602041 0.078049 0.085714 0.097561
0 0.822449 0.158537 0.085714 0.082927
0 0.789796 0.248780 0.077551 0.078049
0 0.879592 0.458537 0.061224 0.097561
0 0.765306 0.502439 0.069388 0.097561
0 0.824490 0.507317 0.057143 0.087805
0 0.853061 0.582927 0.081633 0.063415
0 0.338776 0.570732 0.073469 0.097561
0 0.406122 0.673171 0.069388 0.107317
0 0.326531 0.707317 0.065306 0.097561
0 0.381633 0.778049 0.085714 0.092683
0 0.114286 0.702439 0.081633 0.068293
0 0.153061 0.821951 0.085714 0.092683
0 0.575510 0.863415 0.081633 0.107317
0 0.644898 0.673171 0.065306 0.058537
0 0.642857 0.365854 0.053061 0.078049
0 0.630612 0.260976 0.053061 0.092683
0 0.755102 0.034146 0.073469 0.058537
0 0.559184 0.024390 0.081633 0.039024
0 0.800000 0.829268 0.065306 0.087805
0 0.738776 0.870732 0.073469 0.073171
0 0.763265 0.934146 0.073469 0.073171
0 0.832653 0.914634 0.048980 0.092683
0 0.681633 0.729268 0.065306 0.063415
0 0.410204 0.953659 0.061224 0.092683
0 0.187755 0.590244 0.065306 0.058537
0 0.565306 0.360976 0.061224 0.078049
0 0.553061 0.275610 0.077551 0.063415
0 0.165306 0.434146 0.061224 0.058537
0 0.200000 0.043902 0.089796 0.078049
0 0.691837 0.968293 0.061224 0.053659
0 0.522449 0.919512 0.089796 0.092683
