0 0.037736 0.172414 0.056604 0.068966
0 0.132075 0.166667 0.075472 0.080460
0 0.042453 0.298851 0.066038 0.091954
0 0.108491 0.321839 0.084906 0.137931
0 0.358491 0.298851 0.037736 0.068966
0 0.462264 0.057471 0.094340 0.091954
0 0.476415 0.172414 0.066038 0.114943
0 0.462264 0.275862 0.056604 0.091954
0 0.528302 0.114943 0.056604 0.091954
0 0.589623 0.183908 0.066038 0.091954
0 0.632075 0.258621 0.075472 0.080460
0 0.608491 0.339080 0.103774 0.103448
0 0.504717 0.350575 0.066038 0.103448
0 0.882075 0.195402 0.084906 0.091954
0 0.825472 0.264368 0.084906 0.091954
0 0.900943 0.293103 0.103774 0.080460
0 0.811321 0.373563 0.075472 0.103448
0 0.735849 0.068966 0.075472 0.091954
0 0.886792 0.637931 0.056604 0.103448
0 0.933962 0.931034 0.056604 0.091954
0 0.622642 0.620690 0.075472 0.068966
0 0.679245 0.643678 0.075472 0.114943
0 0.712264 0.879310 0.066038 0.080460
0 0.834906 0.856322 0.066038 0.103448
0 0.316038 0.459770 0.084906 0.114943
0 0.240566 0.534483 0.084906 0.103448
0 0.334906 0.540230 0.084906 0.068966
0 0.325472 0.620690 0.066038 0.091954
0 0.216981 0.637931 0.094340 0.103448
0 0.466981 0.821839 0.084906 0.103448
0 0.169811 0.775862 0.094340 0.103448
0 0.198113 0.896552 0.056604 0.114943
0 0.042453 0.586207 0.047170 0.068966
0 0.047170 0.856322 0.056604 0.080460
0 0.108491 0.873563 0.066038 0.091954
0 0.094340 0.954023 0.056604 0.068966
0 0.976415 0.678161 0.047170 0.091954
