0 0.541667 0.116228 0.021930 0.021930
0 0.539474 0.190789 0.035088 0.030702
0 0.557018 0.142544 0.026316 0.030702
0 0.655702 0.326754 0.048246 0.039474
0 0.563596 0.317982 0.048246 0.048246
0 0.541667 0.375000 0.057018 0.048246
0 0.331140 0.495614 0.048246 0.052632
0 0.353070 0.576754 0.057018 0.057018
0 0.317982 0.635965 0.039474 0.035088
0 0.219298 0.627193 0.043860 0.043860
0 0.844298 0.506579 0.039474 0.039474
0 0.504386 0.486842 0.043860 0.043860
0 0.436404 0.521930 0.039474 0.035088
0 0.458333 0.513158 0.039474 0.035088
0 0.486842 0.447368 0.043860 0.026316
0 0.653509 0.567982 0.035088 0.039474
0 0.600877 0.625000 0.043860 0.039474
0 0.532895 0.594298 0.048246 0.048246
0 0.497807 0.633772 0.048246 0.048246
0 0.728070 0.644737 0.026316 0.035088
0 0.703947 0.642544 0.030702 0.039474
0 0.717105 0.690789 0.030702 0.057018
0 0.771930 0.699561 0.043860 0.039474
0 0.984649 0.653509 0.030702 0.035088
0 0.853070 0.741228 0.039474 0.035088
