0 0.519737 0.247807 0.048246 0.048246
0 0.388158 0.239035 0.030702 0.030702
0 0.460526 0.146930 0.035088 0.030702
0 0.146930 0.206140 0.030702 0.026316
0 0.017544 0.168860 0.026316 0.030702
0 0.355263 0.326754 0.043860 0.030702
0 0.686404 0.188596 0.057018 0.052632
0 0.927632 0.414474 0.039474 0.039474
0 0.894737 0.436404 0.026316 0.039474
0 0.554825 0.482456 0.039474 0.035088
0 0.221491 0.493421 0.039474 0.030702
0 0.144737 0.530702 0.035088 0.035088
0 0.048246 0.690789 0.026316 0.030702
0 0.594298 0.782895 0.039474 0.039474
0 0.743421 0.554825 0.030702 0.030702
0 0.899123 0.548246 0.026316 0.026316
0 0.921053 0.578947 0.026316 0.026316
0 0.938596 0.611842 0.026316 0.030702
0 0.758772 0.425439 0.026316 0.026316
0 0.712719 0.519737 0.039474 0.039474
0 0.932018 0.502193 0.039474 0.030702
0 0.820175 0.258772 0.026316 0.026316
0 0.905702 0.298246 0.021930 0.026316
0 0.984649 0.300439 0.030702 0.030702
0 0.791667 0.315789 0.030702 0.026316
0 0.160088 0.291667 0.030702 0.030702
0 0.739035 0.379386 0.030702 0.030702
0 0.903509 0.679825 0.026316 0.035088
0 0.872807 0.723684 0.035088 0.035088
0 0.274123 0.817982 0.030702 0.030702
0 0.366228 0.717105 0.030702 0.030702
0 0.418860 0.451754 0.021930 0.026316
0 0.458333 0.489035 0.030702 0.030702
0 0.065789 0.618421 0.035088 0.035088
0 0.254386 0.375000 0.026316 0.030702
0 0.550439 0.416667 0.030702 0.035088
0 0.287281 0.489035 0.030702 0.030702
0 0.304825 0.449561 0.030702 0.039474
0 0.515351 0.543860 0.030702 0.035088
0 0.416667 0.653509 0.035088 0.035088
0 0.508772 0.633772 0.035088 0.030702
0 0.083333 0.500000 0.035088 0.035088
0 0.848684 0.625000 0.030702 0.030702
0 0.870614 0.432018 0.021930 0.030702
0 0.872807 0.401316 0.026316 0.039474
0 0.355263 0.142544 0.035088 0.030702
