0 0.368421 0.339912 0.035088 0.030702
0 0.370614 0.377193 0.030702 0.026316
0 0.214912 0.592105 0.035088 0.035088
0 0.578947 0.337719 0.026316 0.026316
0 0.574561 0.364035 0.026316 0.026316
0 0.438596 0.361842 0.026316 0.030702
0 0.429825 0.497807 0.026316 0.030702
0 0.453947 0.486842 0.021930 0.035088
0 0.552632 0.528509 0.026316 0.030702
0 0.543860 0.559211 0.026316 0.021930
0 0.567982 0.453947 0.030702 0.021930
0 0.537281 0.403509 0.021930 0.017544
0 0.546053 0.427632 0.030702 0.021930
0 0.504386 0.449561 0.026316 0.030702
0 0.506579 0.510965 0.030702 0.021930
0 0.493421 0.561404 0.021930 0.026316
0 0.563596 0.495614 0.021930 0.035088
0 0.462719 0.449561 0.030702 0.030702
0 0.508772 0.484649 0.026316 0.021930
0 0.502193 0.587719 0.021930 0.026316
0 0.475877 0.399123 0.021930 0.026316
0 0.473684 0.339912 0.017544 0.013158
0 0.480263 0.359649 0.013158 0.017544
0 0.526316 0.359649 0.017544 0.026316
