0 0.246667 0.123656 0.040000 0.046595
0 0.370000 0.034050 0.040000 0.039427
0 0.408333 0.025090 0.043333 0.043011
0 0.400000 0.062724 0.033333 0.039427
0 0.350000 0.084229 0.046667 0.046595
0 0.331667 0.154122 0.070000 0.071685
0 0.273333 0.186380 0.046667 0.064516
0 0.703333 0.193548 0.066667 0.064516
0 0.928333 0.232975 0.056667 0.064516
0 0.573333 0.392473 0.073333 0.068100
0 0.905000 0.550179 0.050000 0.053763
0 0.978333 0.637993 0.043333 0.050179
0 0.935000 0.657706 0.056667 0.046595
0 0.950000 0.706093 0.040000 0.050179
0 0.695000 0.605735 0.043333 0.050179
0 0.673333 0.724014 0.046667 0.043011
0 0.655000 0.765233 0.043333 0.039427
0 0.693333 0.781362 0.040000 0.050179
0 0.585000 0.806452 0.050000 0.043011
0 0.026667 0.740143 0.046667 0.053763
