0 0.165094 0.074713 0.103774 0.126437
0 0.070755 0.183908 0.084906 0.114943
0 0.113208 0.459770 0.094340 0.114943
0 0.183962 0.235632 0.084906 0.080460
0 0.231132 0.333333 0.103774 0.137931
0 0.490566 0.097701 0.113208 0.126437
0 0.844340 0.218391 0.103774 0.114943
0 0.853774 0.310345 0.066038 0.091954
0 0.924528 0.367816 0.075472 0.091954
0 0.915094 0.551724 0.132075 0.137931
0 0.891509 0.678161 0.141509 0.137931
0 0.551887 0.390805 0.141509 0.160920
0 0.608491 0.540230 0.084906 0.114943
0 0.679245 0.620690 0.094340 0.114943
0 0.382075 0.471264 0.103774 0.137931
0 0.382075 0.821839 0.122642 0.149425
0 0.481132 0.885057 0.094340 0.137931
0 0.820755 0.902299 0.113208 0.126437
0 0.216981 0.787356 0.094340 0.103448
