0 0.436404 0.366228 0.039474 0.039474
0 0.372807 0.403509 0.052632 0.052632
0 0.537281 0.396930 0.057018 0.057018
0 0.857456 0.449561 0.057018 0.065789
0 0.317982 0.598684 0.048246 0.039474
0 0.271930 0.649123 0.052632 0.052632
0 0.399123 0.616228 0.035088 0.039474
0 0.469298 0.660088 0.043860 0.048246
0 0.519737 0.646930 0.048246 0.048246
0 0.682018 0.510965 0.030702 0.030702
0 0.848684 0.524123 0.057018 0.065789
0 0.982456 0.535088 0.035088 0.035088
0 0.730263 0.677632 0.021930 0.030702
0 0.975877 0.811404 0.048246 0.052632
0 0.326754 0.725877 0.057018 0.057018
0 0.460526 0.725877 0.035088 0.030702
0 0.660088 0.811404 0.030702 0.035088
0 0.565789 0.765351 0.035088 0.030702
0 0.971491 0.232456 0.039474 0.043860
