0 0.513333 0.115721 0.040000 0.056769
0 0.476667 0.181223 0.040000 0.056769
0 0.926667 0.288210 0.040000 0.043668
0 0.505000 0.240175 0.043333 0.043668
0 0.455000 0.253275 0.043333 0.043668
0 0.521667 0.286026 0.043333 0.056769
0 0.638333 0.399563 0.036667 0.056769
0 0.671667 0.406114 0.030000 0.061135
0 0.730000 0.441048 0.033333 0.043668
0 0.346667 0.296943 0.026667 0.043668
0 0.465000 0.312227 0.036667 0.056769
0 0.421667 0.268559 0.030000 0.039301
0 0.425000 0.307860 0.043333 0.030568
0 0.390000 0.320961 0.020000 0.039301
0 0.418333 0.344978 0.023333 0.043668
0 0.491667 0.358079 0.036667 0.052402
0 0.450000 0.388646 0.040000 0.061135
0 0.356667 0.349345 0.040000 0.043668
0 0.383333 0.386463 0.046667 0.056769
0 0.420000 0.434498 0.033333 0.056769
0 0.461667 0.447598 0.036667 0.056769
0 0.496667 0.438865 0.033333 0.048035
0 0.543333 0.467249 0.033333 0.052402
0 0.601667 0.524017 0.050000 0.069869
0 0.645000 0.528384 0.036667 0.052402
0 0.720000 0.676856 0.040000 0.061135
0 0.710000 0.803493 0.040000 0.052402
0 0.581667 0.633188 0.043333 0.052402
0 0.553333 0.580786 0.040000 0.061135
0 0.508333 0.580786 0.030000 0.052402
0 0.435000 0.508734 0.043333 0.056769
0 0.403333 0.548035 0.033333 0.048035
0 0.418333 0.606987 0.043333 0.052402
0 0.463333 0.628821 0.033333 0.043668
0 0.526667 0.648472 0.040000 0.048035
0 0.298333 0.430131 0.036667 0.048035
0 0.375000 0.585153 0.043333 0.052402
0 0.333333 0.624454 0.040000 0.052402
0 0.258333 0.591703 0.050000 0.065502
0 0.220000 0.722707 0.046667 0.056769
0 0.043333 0.840611 0.040000 0.039301
0 0.431667 0.692140 0.030000 0.048035
0 0.468333 0.733624 0.030000 0.043668
0 0.471667 0.803493 0.056667 0.061135
0 0.420000 0.740175 0.033333 0.056769
0 0.323333 0.718341 0.040000 0.065502
0 0.398333 0.849345 0.043333 0.039301
0 0.371667 0.744541 0.043333 0.048035
0 0.355000 0.790393 0.036667 0.052402
0 0.295000 0.777293 0.043333 0.052402
0 0.266667 0.816594 0.046667 0.052402
0 0.645000 0.578603 0.043333 0.048035
