0 0.223684 0.232456 0.035088 0.035088
0 0.171053 0.300439 0.026316 0.039474
0 0.396930 0.219298 0.039474 0.035088
0 0.440789 0.370614 0.030702 0.030702
0 0.587719 0.250000 0.026316 0.035088
0 0.530702 0.166667 0.026316 0.026316
0 0.677632 0.188596 0.030702 0.026316
0 0.657895 0.206140 0.026316 0.017544
0 0.622807 0.195175 0.017544 0.030702
0 0.285088 0.513158 0.026316 0.026316
0 0.464912 0.552632 0.035088 0.026316
0 0.440789 0.585526 0.021930 0.030702
0 0.850877 0.675439 0.017544 0.035088
0 0.883772 0.688596 0.021930 0.035088
0 0.701754 0.725877 0.035088 0.030702
0 0.442982 0.815789 0.026316 0.026316
0 0.368421 0.828947 0.026316 0.026316
