0 0.094298 0.076754 0.030702 0.030702
0 0.302632 0.081140 0.052632 0.039474
0 0.188596 0.173246 0.035088 0.039474
0 0.142544 0.221491 0.048246 0.039474
0 0.151316 0.100877 0.030702 0.035088
0 0.625000 0.078947 0.048246 0.035088
0 0.574561 0.109649 0.035088 0.035088
0 0.521930 0.131579 0.052632 0.043860
0 0.771930 0.144737 0.052632 0.035088
0 0.778509 0.230263 0.039474 0.039474
0 0.638158 0.192982 0.039474 0.043860
0 0.449561 0.364035 0.039474 0.026316
0 0.453947 0.392544 0.048246 0.030702
0 0.657895 0.394737 0.043860 0.035088
0 0.291667 0.614035 0.039474 0.043860
0 0.182018 0.800439 0.039474 0.039474
0 0.125000 0.728070 0.030702 0.035088
0 0.182018 0.552632 0.039474 0.043860
0 0.550439 0.743421 0.039474 0.039474
0 0.530702 0.776316 0.035088 0.035088
0 0.800439 0.565789 0.030702 0.035088
0 0.692982 0.600877 0.035088 0.035088
0 0.344298 0.353070 0.030702 0.030702
0 0.236842 0.436404 0.035088 0.039474
0 0.458333 0.611842 0.039474 0.039474
0 0.493421 0.471491 0.048246 0.039474
0 0.416667 0.736842 0.043860 0.043860
0 0.638158 0.901316 0.030702 0.039474
0 0.868421 0.817982 0.035088 0.039474
