0 0.250000 0.228070 0.035088 0.035088
0 0.135965 0.171053 0.043860 0.035088
0 0.228070 0.414474 0.043860 0.039474
0 0.401316 0.260965 0.039474 0.039474
0 0.552632 0.140351 0.061404 0.035088
0 0.495614 0.210526 0.026316 0.035088
0 0.541667 0.214912 0.030702 0.035088
0 0.695175 0.280702 0.030702 0.035088
0 0.745614 0.298246 0.035088 0.043860
0 0.951754 0.289474 0.035088 0.043860
0 0.951754 0.331140 0.035088 0.030702
0 0.875000 0.317982 0.030702 0.030702
0 0.607456 0.260965 0.048246 0.030702
0 0.635965 0.302632 0.035088 0.035088
0 0.789474 0.324561 0.043860 0.035088
0 0.765351 0.366228 0.039474 0.039474
0 0.804825 0.407895 0.048246 0.043860
0 0.872807 0.416667 0.052632 0.043860
0 0.940789 0.401316 0.039474 0.039474
0 0.949561 0.475877 0.039474 0.048246
0 0.739035 0.475877 0.039474 0.048246
0 0.640351 0.429825 0.035088 0.043860
0 0.907895 0.701754 0.026316 0.026316
0 0.885965 0.710526 0.026316 0.035088
0 0.956140 0.831140 0.035088 0.039474
0 0.717105 0.778509 0.030702 0.039474
0 0.673246 0.802632 0.030702 0.043860
0 0.664474 0.728070 0.030702 0.043860
0 0.671053 0.557018 0.035088 0.043860
0 0.671053 0.600877 0.043860 0.035088
0 0.774123 0.552632 0.039474 0.035088
0 0.541667 0.526316 0.030702 0.035088
0 0.458333 0.317982 0.030702 0.030702
0 0.482456 0.372807 0.052632 0.043860
0 0.287281 0.337719 0.039474 0.035088
0 0.320175 0.250000 0.035088 0.035088
0 0.296053 0.392544 0.030702 0.021930
0 0.359649 0.462719 0.035088 0.039474
0 0.486842 0.605263 0.043860 0.043860
0 0.561404 0.640351 0.052632 0.043860
0 0.519737 0.787281 0.039474 0.039474
0 0.813596 0.622807 0.039474 0.035088
0 0.390351 0.649123 0.026316 0.035088
0 0.280702 0.699561 0.035088 0.048246
0 0.217105 0.699561 0.039474 0.039474
0 0.078947 0.635965 0.026316 0.035088
0 0.050439 0.622807 0.021930 0.035088
0 0.057018 0.541667 0.035088 0.030702
0 0.026316 0.484649 0.026316 0.030702
0 0.131579 0.500000 0.043860 0.043860
0 0.214912 0.497807 0.035088 0.039474
0 0.280702 0.453947 0.026316 0.039474
0 0.307018 0.495614 0.026316 0.026316
0 0.436404 0.438596 0.039474 0.035088
0 0.405702 0.732456 0.039474 0.043860
0 0.293860 0.802632 0.043860 0.035088
0 0.710526 0.421053 0.026316 0.035088
0 0.114035 0.307018 0.043860 0.035088
0 0.030702 0.146930 0.035088 0.030702
0 0.927632 0.192982 0.021930 0.026316
0 0.789474 0.234649 0.026316 0.030702
