0 0.752193 0.203947 0.039474 0.039474
0 0.548246 0.228070 0.043860 0.043860
0 0.254386 0.239035 0.035088 0.039474
0 0.460526 0.361842 0.035088 0.039474
0 0.951754 0.234649 0.026316 0.039474
0 0.717105 0.620614 0.030702 0.039474
0 0.035088 0.407895 0.043860 0.035088
0 0.883772 0.629386 0.030702 0.039474
0 0.541667 0.519737 0.048246 0.039474
0 0.186404 0.434211 0.039474 0.035088
0 0.114035 0.638158 0.035088 0.039474
0 0.690789 0.771930 0.057018 0.043860
0 0.460526 0.835526 0.035088 0.039474
0 0.506579 0.629386 0.030702 0.030702
0 0.807018 0.289474 0.043860 0.043860
