0 0.589912 0.442982 0.021930 0.035088
0 0.414474 0.390351 0.021930 0.035088
0 0.438596 0.401316 0.026316 0.021930
0 0.434211 0.425439 0.035088 0.026316
0 0.440789 0.247807 0.021930 0.021930
0 0.162281 0.434211 0.026316 0.017544
0 0.383772 0.451754 0.030702 0.026316
0 0.317982 0.572368 0.030702 0.030702
0 0.868421 0.317982 0.026316 0.030702
0 0.780702 0.234649 0.026316 0.030702
0 0.739035 0.177632 0.030702 0.021930
0 0.771930 0.401316 0.026316 0.021930
0 0.280702 0.296053 0.026316 0.021930
0 0.315789 0.760965 0.026316 0.030702
