0 0.771930 0.653509 0.070175 0.061404
0 0.607456 0.600877 0.057018 0.052632
0 0.561404 0.635965 0.052632 0.061404
0 0.592105 0.730263 0.061404 0.057018
0 0.616228 0.800439 0.057018 0.048246
0 0.649123 0.844298 0.061404 0.048246
0 0.850877 0.537281 0.035088 0.039474
0 0.896930 0.414474 0.057018 0.048246
0 0.973684 0.377193 0.043860 0.052632
0 0.982456 0.317982 0.035088 0.039474
0 0.951754 0.243421 0.061404 0.057018
0 0.978070 0.195175 0.043860 0.048246
0 0.901316 0.271930 0.048246 0.052632
0 0.888158 0.353070 0.048246 0.048246
0 0.837719 0.206140 0.052632 0.043860
0 0.802632 0.179825 0.035088 0.035088
0 0.760965 0.175439 0.057018 0.043860
0 0.723684 0.223684 0.070175 0.052632
0 0.877193 0.190789 0.035088 0.048246
0 0.815789 0.278509 0.061404 0.048246
0 0.807018 0.331140 0.052632 0.048246
0 0.804825 0.388158 0.057018 0.057018
0 0.804825 0.432018 0.048246 0.039474
0 0.750000 0.375000 0.061404 0.057018
0 0.756579 0.432018 0.048246 0.048246
0 0.767544 0.493421 0.061404 0.057018
0 0.971491 0.690789 0.048246 0.065789
0 0.739035 0.565789 0.048246 0.052632
0 0.690789 0.515351 0.057018 0.065789
0 0.684211 0.447368 0.061404 0.061404
0 0.692982 0.335526 0.043860 0.039474
0 0.706140 0.278509 0.043860 0.048246
0 0.690789 0.175439 0.048246 0.043860
0 0.592105 0.157895 0.043860 0.052632
0 0.638158 0.151316 0.039474 0.048246
0 0.666667 0.258772 0.035088 0.026316
0 0.657895 0.302632 0.052632 0.052632
0 0.614035 0.313596 0.052632 0.057018
0 0.486842 0.149123 0.070175 0.035088
0 0.554825 0.171053 0.048246 0.043860
0 0.552632 0.214912 0.052632 0.043860
0 0.583333 0.245614 0.043860 0.043860
0 0.567982 0.346491 0.057018 0.052632
0 0.697368 0.390351 0.035088 0.035088
0 0.653509 0.394737 0.043860 0.035088
0 0.625000 0.456140 0.057018 0.035088
0 0.574561 0.464912 0.052632 0.043860
0 0.541667 0.425439 0.065789 0.043860
0 0.528509 0.559211 0.057018 0.048246
0 0.510965 0.625000 0.048246 0.048246
0 0.484649 0.649123 0.039474 0.035088
0 0.482456 0.699561 0.043860 0.039474
0 0.510965 0.745614 0.048246 0.043860
0 0.543860 0.798246 0.061404 0.061404
0 0.504386 0.826754 0.043860 0.048246
0 0.348684 0.848684 0.048246 0.039474
0 0.368421 0.754386 0.052632 0.061404
0 0.313596 0.760965 0.048246 0.048246
0 0.451754 0.787281 0.043860 0.057018
0 0.427632 0.725877 0.039474 0.057018
0 0.379386 0.677632 0.048246 0.048246
0 0.399123 0.622807 0.061404 0.052632
0 0.370614 0.576754 0.048246 0.057018
0 0.385965 0.403509 0.052632 0.043860
0 0.480263 0.298246 0.048246 0.052632
0 0.436404 0.293860 0.057018 0.052632
0 0.339912 0.524123 0.048246 0.048246
0 0.307018 0.592105 0.052632 0.052632
0 0.320175 0.682018 0.052632 0.057018
0 0.357456 0.155702 0.048246 0.048246
0 0.366228 0.254386 0.065789 0.052632
0 0.473684 0.247807 0.043860 0.039474
0 0.335526 0.300439 0.048246 0.039474
0 0.425439 0.464912 0.043860 0.035088
0 0.326754 0.438596 0.057018 0.052632
0 0.289474 0.285088 0.052632 0.052632
0 0.243421 0.247807 0.048246 0.039474
0 0.241228 0.339912 0.043860 0.039474
0 0.260965 0.403509 0.057018 0.043860
0 0.298246 0.500000 0.043860 0.043860
0 0.482456 0.583333 0.043860 0.052632
0 0.230263 0.732456 0.074561 0.061404
0 0.201754 0.664474 0.061404 0.057018
0 0.048246 0.741228 0.052632 0.043860
0 0.024123 0.576754 0.039474 0.065789
0 0.026316 0.500000 0.043860 0.043860
0 0.050439 0.368421 0.048246 0.043860
0 0.199561 0.379386 0.048246 0.048246
0 0.024123 0.182018 0.039474 0.048246
0 0.039474 0.239035 0.052632 0.048246
0 0.100877 0.162281 0.052632 0.052632
0 0.214912 0.155702 0.061404 0.057018
0 0.092105 0.267544 0.043860 0.043860
0 0.155702 0.350877 0.065789 0.052632
0 0.089912 0.447368 0.074561 0.052632
0 0.098684 0.500000 0.057018 0.035088
0 0.096491 0.548246 0.052632 0.035088
0 0.138158 0.596491 0.065789 0.052632
0 0.252193 0.537281 0.048246 0.057018
0 0.464912 0.184211 0.052632 0.052632
