0 0.061404 0.173246 0.043860 0.030702
0 0.385965 0.201754 0.070175 0.043860
0 0.504386 0.160088 0.052632 0.030702
0 0.478070 0.184211 0.043860 0.043860
0 0.576754 0.192982 0.048246 0.043860
0 0.695175 0.186404 0.065789 0.057018
0 0.712719 0.223684 0.039474 0.052632
0 0.662281 0.247807 0.061404 0.057018
0 0.675439 0.282895 0.052632 0.039474
0 0.570175 0.267544 0.026316 0.035088
0 0.870614 0.342105 0.057018 0.043860
0 0.971491 0.377193 0.030702 0.043860
0 0.932018 0.416667 0.039474 0.043860
0 0.971491 0.425439 0.039474 0.052632
0 0.491228 0.239035 0.026316 0.039474
0 0.519737 0.260965 0.030702 0.057018
0 0.274123 0.247807 0.057018 0.039474
0 0.342105 0.247807 0.035088 0.030702
0 0.298246 0.298246 0.043860 0.052632
0 0.375000 0.300439 0.048246 0.039474
0 0.423246 0.342105 0.039474 0.052632
0 0.456140 0.291667 0.035088 0.030702
0 0.482456 0.317982 0.043860 0.039474
0 0.537281 0.344298 0.039474 0.057018
0 0.578947 0.322368 0.043860 0.030702
0 0.629386 0.346491 0.057018 0.043860
0 0.853070 0.436404 0.057018 0.048246
0 0.855263 0.471491 0.052632 0.048246
0 0.335526 0.381579 0.048246 0.035088
0 0.361842 0.350877 0.057018 0.035088
0 0.307018 0.346491 0.035088 0.043860
0 0.285088 0.403509 0.052632 0.043860
0 0.339912 0.412281 0.039474 0.035088
0 0.304825 0.445175 0.057018 0.039474
0 0.449561 0.423246 0.039474 0.048246
0 0.493421 0.368421 0.039474 0.052632
0 0.526316 0.401316 0.052632 0.039474
0 0.758772 0.396930 0.052632 0.030702
0 0.625000 0.429825 0.048246 0.035088
0 0.745614 0.418860 0.052632 0.039474
0 0.721491 0.458333 0.057018 0.039474
0 0.675439 0.429825 0.052632 0.035088
0 0.666667 0.500000 0.035088 0.035088
0 0.576754 0.467105 0.039474 0.057018
0 0.535088 0.491228 0.043860 0.061404
0 0.581140 0.510965 0.048246 0.030702
0 0.640351 0.526316 0.035088 0.043860
0 0.695175 0.521930 0.048246 0.035088
0 0.747807 0.543860 0.057018 0.043860
0 0.912281 0.660088 0.043860 0.065789
0 0.980263 0.688596 0.030702 0.052632
0 0.975877 0.730263 0.048246 0.048246
0 0.960526 0.782895 0.061404 0.048246
0 0.903509 0.728070 0.052632 0.043860
0 0.942982 0.741228 0.052632 0.043860
0 0.923246 0.833333 0.057018 0.052632
0 0.907895 0.785088 0.043860 0.035088
0 0.850877 0.831140 0.052632 0.039474
0 0.855263 0.622807 0.043860 0.035088
0 0.875000 0.686404 0.057018 0.057018
0 0.815789 0.651316 0.035088 0.039474
0 0.728070 0.631579 0.052632 0.035088
0 0.692982 0.576754 0.078947 0.065789
0 0.616228 0.561404 0.065789 0.043860
0 0.581140 0.589912 0.030702 0.048246
0 0.567982 0.635965 0.048246 0.043860
0 0.618421 0.640351 0.043860 0.043860
0 0.675439 0.638158 0.061404 0.039474
0 0.692982 0.677632 0.035088 0.057018
0 0.785088 0.671053 0.026316 0.043860
0 0.480263 0.543860 0.065789 0.043860
0 0.219298 0.497807 0.061404 0.065789
0 0.296053 0.517544 0.057018 0.035088
0 0.324561 0.550439 0.035088 0.048246
0 0.357456 0.607456 0.057018 0.048246
0 0.368421 0.662281 0.070175 0.043860
0 0.583333 0.743421 0.052632 0.074561
0 0.489035 0.651316 0.039474 0.065789
0 0.695175 0.750000 0.039474 0.035088
0 0.688596 0.787281 0.035088 0.048246
0 0.646930 0.798246 0.048246 0.052632
0 0.587719 0.811404 0.087719 0.052632
0 0.585526 0.846491 0.065789 0.026316
0 0.497807 0.765351 0.057018 0.048246
0 0.451754 0.769737 0.052632 0.057018
0 0.405702 0.756579 0.039474 0.048246
0 0.517544 0.807018 0.061404 0.026316
0 0.462719 0.846491 0.048246 0.043860
0 0.451754 0.813596 0.052632 0.039474
0 0.653509 0.853070 0.043860 0.030702
0 0.245614 0.605263 0.035088 0.052632
0 0.225877 0.559211 0.065789 0.048246
0 0.125000 0.559211 0.048246 0.065789
0 0.179825 0.620614 0.043860 0.057018
0 0.098684 0.708333 0.065789 0.048246
0 0.219298 0.760965 0.043860 0.039474
0 0.028509 0.655702 0.039474 0.057018
0 0.096491 0.752193 0.035088 0.039474
