0 0.559211 0.350877 0.039474 0.035088
0 0.717105 0.458333 0.039474 0.048246
0 0.756579 0.478070 0.039474 0.052632
0 0.701754 0.495614 0.043860 0.035088
0 0.337719 0.416667 0.043860 0.035088
0 0.333333 0.464912 0.043860 0.035088
0 0.370614 0.504386 0.048246 0.043860
0 0.381579 0.561404 0.052632 0.043860
0 0.469298 0.625000 0.043860 0.039474
0 0.526316 0.644737 0.052632 0.052632
0 0.616228 0.664474 0.039474 0.048246
0 0.598684 0.701754 0.048246 0.052632
0 0.456140 0.359649 0.026316 0.035088
0 0.502193 0.370614 0.048246 0.039474
0 0.280702 0.447368 0.035088 0.043860
0 0.401316 0.390351 0.030702 0.035088
0 0.432018 0.429825 0.048246 0.052632
0 0.403509 0.471491 0.035088 0.039474
0 0.596491 0.440789 0.043860 0.048246
0 0.594298 0.394737 0.057018 0.043860
0 0.482456 0.471491 0.035088 0.039474
0 0.605263 0.493421 0.043860 0.048246
0 0.620614 0.537281 0.048246 0.039474
0 0.677632 0.550439 0.039474 0.048246
0 0.563596 0.495614 0.048246 0.043860
0 0.747807 0.592105 0.048246 0.043860
0 0.668860 0.618421 0.057018 0.043860
0 0.666667 0.673246 0.061404 0.048246
0 0.585526 0.640351 0.057018 0.052632
0 0.517544 0.565789 0.035088 0.043860
0 0.651316 0.442982 0.048246 0.043860
