0 0.353070 0.177632 0.048246 0.039474
0 0.342105 0.214912 0.035088 0.035088
0 0.366228 0.245614 0.039474 0.043860
0 0.660088 0.243421 0.048246 0.057018
0 0.653509 0.344298 0.043860 0.057018
0 0.574561 0.375000 0.052632 0.057018
0 0.394737 0.403509 0.043860 0.043860
0 0.399123 0.453947 0.052632 0.048246
0 0.280702 0.497807 0.061404 0.057018
0 0.241228 0.256579 0.026316 0.030702
0 0.280702 0.263158 0.035088 0.035088
0 0.403509 0.274123 0.035088 0.039474
0 0.539474 0.399123 0.043860 0.052632
0 0.453947 0.390351 0.048246 0.052632
0 0.789474 0.491228 0.035088 0.052632
0 0.813596 0.548246 0.048246 0.043860
0 0.570175 0.475877 0.043860 0.048246
0 0.521930 0.475877 0.052632 0.065789
0 0.750000 0.510965 0.052632 0.039474
0 0.493421 0.574561 0.039474 0.043860
0 0.736842 0.747807 0.043860 0.048246
0 0.708333 0.774123 0.039474 0.039474
0 0.620614 0.710526 0.039474 0.035088
0 0.462719 0.642544 0.048246 0.048246
0 0.416667 0.605263 0.043860 0.043860
0 0.322368 0.535088 0.057018 0.052632
0 0.504386 0.747807 0.035088 0.039474
0 0.576754 0.782895 0.048246 0.039474
0 0.633772 0.776316 0.030702 0.026316
0 0.274123 0.835526 0.039474 0.039474
0 0.276316 0.688596 0.035088 0.035088
0 0.401316 0.754386 0.039474 0.035088
