0 0.081140 0.179825 0.030702 0.017544
0 0.127193 0.265351 0.026316 0.030702
0 0.107456 0.298246 0.021930 0.026316
0 0.219298 0.149123 0.035088 0.026316
0 0.192982 0.214912 0.035088 0.035088
0 0.074561 0.300439 0.035088 0.030702
0 0.203947 0.383772 0.039474 0.039474
0 0.160088 0.296053 0.039474 0.030702
0 0.313596 0.293860 0.039474 0.035088
0 0.328947 0.203947 0.035088 0.030702
0 0.554825 0.219298 0.030702 0.043860
0 0.960526 0.219298 0.035088 0.035088
0 0.875000 0.276316 0.030702 0.026316
0 0.730263 0.210526 0.021930 0.035088
0 0.736842 0.311404 0.035088 0.035088
0 0.677632 0.320175 0.030702 0.026316
0 0.657895 0.364035 0.035088 0.035088
0 0.627193 0.372807 0.026316 0.035088
0 0.445175 0.418860 0.039474 0.030702
0 0.813596 0.660088 0.048246 0.039474
0 0.956140 0.576754 0.026316 0.021930
0 0.603070 0.482456 0.039474 0.035088
0 0.677632 0.504386 0.030702 0.035088
0 0.734649 0.583333 0.030702 0.035088
0 0.337719 0.449561 0.026316 0.030702
0 0.061404 0.576754 0.035088 0.039474
0 0.070175 0.686404 0.043860 0.021930
0 0.550439 0.842105 0.030702 0.026316
0 0.539474 0.791667 0.026316 0.030702
0 0.962719 0.697368 0.030702 0.035088
0 0.614035 0.780702 0.026316 0.026316
0 0.589912 0.787281 0.030702 0.030702
0 0.583333 0.822368 0.026316 0.030702
0 0.644737 0.668860 0.035088 0.030702
0 0.649123 0.269737 0.026316 0.039474
0 0.640351 0.164474 0.026316 0.030702
0 0.317982 0.357456 0.021930 0.030702
0 0.423246 0.182018 0.039474 0.039474
0 0.252193 0.190789 0.039474 0.030702
0 0.274123 0.175439 0.030702 0.035088
0 0.861842 0.385965 0.039474 0.035088
0 0.975877 0.342105 0.030702 0.035088
0 0.782895 0.239035 0.039474 0.039474
0 0.245614 0.567982 0.026316 0.030702
0 0.149123 0.434211 0.035088 0.035088
0 0.686404 0.855263 0.039474 0.035088
0 0.445175 0.732456 0.039474 0.026316
0 0.401316 0.736842 0.030702 0.035088
0 0.296053 0.581140 0.030702 0.039474
0 0.059211 0.521930 0.030702 0.035088
