0 0.201667 0.117257 0.050000 0.066372
0 0.098333 0.185841 0.043333 0.053097
0 0.055000 0.225664 0.050000 0.061947
0 0.065000 0.358407 0.043333 0.061947
0 0.151667 0.214602 0.050000 0.057522
0 0.265000 0.221239 0.043333 0.061947
0 0.280000 0.340708 0.040000 0.061947
0 0.581667 0.294248 0.043333 0.057522
0 0.985000 0.325221 0.030000 0.057522
0 0.596667 0.194690 0.033333 0.053097
0 0.520000 0.402655 0.046667 0.070796
0 0.488333 0.444690 0.050000 0.075221
0 0.373333 0.517699 0.053333 0.070796
0 0.333333 0.537611 0.046667 0.057522
0 0.296667 0.606195 0.040000 0.061947
0 0.535000 0.719027 0.050000 0.066372
0 0.638333 0.469027 0.030000 0.044248
