0 0.478070 0.462719 0.017544 0.021930
0 0.690789 0.276316 0.039474 0.035088
0 0.307018 0.278509 0.026316 0.030702
0 0.407895 0.438596 0.026316 0.035088
0 0.239035 0.230263 0.021930 0.030702
0 0.054825 0.282895 0.021930 0.021930
0 0.188596 0.271930 0.026316 0.035088
0 0.857456 0.370614 0.021930 0.030702
0 0.892544 0.447368 0.030702 0.035088
0 0.664474 0.625000 0.030702 0.030702
0 0.304825 0.649123 0.021930 0.026316
0 0.550439 0.607456 0.030702 0.021930
0 0.824561 0.640351 0.026316 0.017544
0 0.945175 0.535088 0.021930 0.026316
0 0.701754 0.361842 0.035088 0.030702
0 0.076754 0.425439 0.021930 0.017544
0 0.030702 0.361842 0.035088 0.030702
0 0.188596 0.563596 0.035088 0.030702
0 0.372807 0.388158 0.026316 0.030702
0 0.260965 0.712719 0.030702 0.030702
0 0.188596 0.706140 0.026316 0.026316
0 0.699561 0.719298 0.021930 0.026316
0 0.807018 0.719298 0.026316 0.026316
0 0.881579 0.714912 0.026316 0.035088
0 0.798246 0.300439 0.035088 0.039474
0 0.089912 0.456140 0.013158 0.017544
0 0.144737 0.467105 0.026316 0.021930
0 0.543860 0.445175 0.026316 0.030702
0 0.706140 0.787281 0.026316 0.030702
0 0.302632 0.848684 0.026316 0.021930
