0 0.193396 0.080460 0.103774 0.137931
0 0.325472 0.063218 0.084906 0.103448
0 0.061321 0.149425 0.103774 0.114943
0 0.089623 0.252874 0.122642 0.114943
0 0.089623 0.362069 0.084906 0.080460
0 0.037736 0.310345 0.056604 0.114943
0 0.301887 0.183908 0.075472 0.114943
0 0.415094 0.091954 0.094340 0.114943
0 0.396226 0.206897 0.075472 0.091954
0 0.339623 0.304598 0.094340 0.103448
0 0.613208 0.126437 0.075472 0.091954
0 0.698113 0.109195 0.075472 0.126437
0 0.905660 0.103448 0.113208 0.160920
0 0.820755 0.149425 0.094340 0.114943
0 0.872642 0.218391 0.066038 0.068966
0 0.773585 0.247126 0.075472 0.080460
0 0.650943 0.281609 0.094340 0.126437
0 0.509434 0.270115 0.075472 0.103448
0 0.561321 0.235632 0.084906 0.103448
0 0.783019 0.356322 0.075472 0.114943
0 0.750000 0.459770 0.084906 0.091954
0 0.830189 0.402299 0.075472 0.114943
0 0.905660 0.408046 0.094340 0.103448
0 0.891509 0.488506 0.084906 0.080460
0 0.811321 0.522989 0.056604 0.080460
0 0.547170 0.465517 0.075472 0.103448
0 0.490566 0.545977 0.094340 0.103448
0 0.415094 0.557471 0.056604 0.103448
0 0.382075 0.649425 0.084906 0.103448
0 0.212264 0.551724 0.103774 0.114943
0 0.174528 0.637931 0.066038 0.080460
0 0.259434 0.655172 0.066038 0.091954
0 0.806604 0.655172 0.122642 0.137931
0 0.665094 0.683908 0.103774 0.126437
0 0.462264 0.425287 0.075472 0.091954
0 0.047170 0.678161 0.075472 0.137931
0 0.141509 0.735632 0.056604 0.091954
0 0.216981 0.729885 0.075472 0.103448
0 0.306604 0.758621 0.084906 0.114943
0 0.452830 0.718391 0.075472 0.126437
0 0.495283 0.798851 0.066038 0.103448
0 0.632075 0.798851 0.094340 0.103448
0 0.797170 0.839080 0.103774 0.137931
0 0.962264 0.798851 0.075472 0.149425
0 0.103774 0.902299 0.075472 0.103448
0 0.268868 0.844828 0.084906 0.103448
0 0.316038 0.936782 0.066038 0.103448
0 0.698113 0.948276 0.075472 0.103448
0 0.221698 0.942529 0.084906 0.114943
