1 0.318681 0.329730 0.087912 0.097297
1 0.327839 0.432432 0.084249 0.108108
1 0.208791 0.332432 0.087912 0.102703
1 0.217949 0.427027 0.084249 0.097297
1 0.208791 0.597297 0.080586 0.102703
1 0.223443 0.683784 0.087912 0.102703
1 0.333333 0.600000 0.087912 0.108108
1 0.331502 0.691892 0.084249 0.118919
1 0.589744 0.389189 0.058608 0.086486
1 0.556777 0.410811 0.051282 0.086486
1 0.582418 0.494595 0.058608 0.091892
1 0.613553 0.481081 0.054945 0.086486
1 0.694139 0.318919 0.054945 0.086486
1 0.650183 0.345946 0.047619 0.086486
1 0.721612 0.394595 0.051282 0.075676
1 0.683150 0.429730 0.054945 0.081081
1 0.796703 0.572973 0.054945 0.075676
1 0.761905 0.583784 0.043956 0.086486
1 0.692308 0.608108 0.058608 0.081081
1 0.652015 0.624324 0.051282 0.081081
1 0.710623 0.702703 0.051282 0.086486
1 0.670330 0.718919 0.051282 0.086486
1 0.820513 0.656757 0.051282 0.091892
1 0.782051 0.670270 0.047619 0.086486
