1 0.816206 0.250000 0.106719 0.150000
1 0.772727 0.347500 0.130435 0.155000
1 0.537549 0.200000 0.094862 0.120000
1 0.466403 0.220000 0.086957 0.130000
1 0.563241 0.300000 0.083004 0.130000
1 0.494071 0.325000 0.094862 0.130000
1 0.258893 0.365000 0.130435 0.170000
1 0.183794 0.435000 0.122530 0.180000
1 0.290514 0.550000 0.130435 0.160000
1 0.555336 0.532500 0.083004 0.135000
1 0.618577 0.555000 0.083004 0.150000
1 0.575099 0.697500 0.098814 0.145000
1 0.513834 0.682500 0.071146 0.135000
1 0.719368 0.627500 0.086957 0.135000
1 0.770751 0.640000 0.086957 0.130000
1 0.715415 0.767500 0.158103 0.155000
1 0.713439 0.212500 0.106719 0.125000
1 0.693676 0.337500 0.106719 0.125000
