1 0.313380 0.373596 0.056338 0.095506
1 0.276408 0.424157 0.059859 0.117978
1 0.359155 0.446629 0.063380 0.084270
1 0.343310 0.528090 0.080986 0.101124
1 0.225352 0.491573 0.056338 0.073034
1 0.177817 0.516854 0.052817 0.089888
1 0.186620 0.589888 0.049296 0.101124
1 0.234155 0.662921 0.052817 0.089888
1 0.235915 0.567416 0.042254 0.078652
1 0.276408 0.615169 0.052817 0.106742
1 0.565141 0.306180 0.066901 0.095506
1 0.603873 0.365169 0.059859 0.112360
1 0.538732 0.393258 0.049296 0.078652
1 0.566901 0.438202 0.056338 0.078652
1 0.737676 0.342697 0.059859 0.089888
1 0.790493 0.362360 0.052817 0.084270
1 0.774648 0.435393 0.056338 0.106742
1 0.716549 0.407303 0.059859 0.095506
1 0.640845 0.564607 0.063380 0.084270
1 0.850352 0.505618 0.059859 0.078652
1 0.878521 0.567416 0.045775 0.089888
1 0.823944 0.564607 0.056338 0.084270
1 0.848592 0.629213 0.042254 0.089888
1 0.772887 0.601124 0.059859 0.089888
1 0.799296 0.671348 0.056338 0.095506
1 0.647887 0.671348 0.056338 0.084270
