1 0.303502 0.298469 0.054475 0.056122
1 0.254864 0.339286 0.050584 0.066327
1 0.313230 0.357143 0.050584 0.061224
1 0.274319 0.392857 0.058366 0.061224
1 0.379377 0.382653 0.050584 0.061224
1 0.420233 0.403061 0.046693 0.061224
1 0.359922 0.446429 0.050584 0.066327
1 0.406615 0.456633 0.058366 0.066327
1 0.165370 0.469388 0.042802 0.071429
1 0.215953 0.482143 0.050584 0.086735
1 0.155642 0.538265 0.046693 0.066327
1 0.196498 0.573980 0.050584 0.066327
1 0.167315 0.614796 0.054475 0.056122
1 0.268482 0.599490 0.046693 0.076531
1 0.303502 0.640306 0.062257 0.076531
1 0.239300 0.660714 0.050584 0.066327
1 0.200389 0.571429 0.050584 0.061224
1 0.669261 0.326531 0.054475 0.071429
1 0.729572 0.316327 0.058366 0.071429
1 0.680934 0.392857 0.062257 0.061224
1 0.628405 0.477041 0.050584 0.086735
1 0.583658 0.448980 0.046693 0.051020
1 0.546693 0.553571 0.058366 0.066327
1 0.577821 0.607143 0.050584 0.071429
1 0.659533 0.566327 0.050584 0.061224
1 0.717899 0.568878 0.050584 0.066327
1 0.714008 0.632653 0.066148 0.071429
1 0.678988 0.678571 0.058366 0.071429
1 0.642023 0.632653 0.046693 0.081633
1 0.826848 0.395408 0.058366 0.056122
1 0.784047 0.428571 0.050584 0.081633
1 0.805447 0.492347 0.046693 0.056122
1 0.758755 0.489796 0.054475 0.071429
1 0.741245 0.448980 0.042802 0.071429
