1 0.530612 0.138350 0.048980 0.063107
1 0.491837 0.143204 0.036735 0.072816
1 0.395918 0.174757 0.057143 0.058252
1 0.363265 0.201456 0.048980 0.063107
1 0.583673 0.203883 0.048980 0.067961
1 0.538776 0.201456 0.048980 0.063107
1 0.714286 0.264563 0.048980 0.063107
1 0.673469 0.269417 0.032653 0.063107
1 0.769388 0.303398 0.053061 0.053398
1 0.734694 0.327670 0.048980 0.063107
1 0.430612 0.223301 0.044898 0.058252
1 0.402041 0.245146 0.044898 0.053398
1 0.500000 0.257282 0.053061 0.058252
1 0.479592 0.286408 0.053061 0.067961
1 0.426531 0.351942 0.053061 0.063107
1 0.534694 0.310680 0.048980 0.058252
1 0.518367 0.347087 0.048980 0.053398
1 0.393878 0.368932 0.044898 0.058252
1 0.702041 0.383495 0.057143 0.058252
1 0.679592 0.417476 0.053061 0.058252
1 0.628571 0.487864 0.065306 0.072816
1 0.500000 0.475728 0.044898 0.058252
1 0.469388 0.492718 0.040816 0.053398
1 0.430612 0.463592 0.053061 0.063107
1 0.406122 0.487864 0.044898 0.063107
1 0.493878 0.587379 0.073469 0.077670
1 0.436735 0.560680 0.048980 0.053398
1 0.430612 0.597087 0.053061 0.058252
1 0.363265 0.536408 0.048980 0.043689
1 0.357143 0.577670 0.053061 0.048544
1 0.626531 0.601942 0.044898 0.058252
1 0.589796 0.614078 0.036735 0.063107
1 0.659184 0.650485 0.044898 0.058252
1 0.687755 0.677184 0.053061 0.053398
1 0.602041 0.686893 0.044898 0.053398
1 0.624490 0.723301 0.057143 0.058252
1 0.671429 0.757282 0.053061 0.058252
1 0.636735 0.776699 0.048980 0.067961
1 0.493878 0.589806 0.073469 0.072816
1 0.330612 0.633495 0.048980 0.063107
1 0.302041 0.657767 0.040816 0.053398
1 0.381633 0.669903 0.053061 0.058252
1 0.351020 0.694175 0.048980 0.058252
1 0.483673 0.776699 0.053061 0.048544
1 0.497959 0.813107 0.057143 0.053398
1 0.569388 0.820388 0.053061 0.067961
1 0.544898 0.847087 0.053061 0.063107
1 0.497959 0.694175 0.073469 0.077670
1 0.542857 0.737864 0.073469 0.077670
