1 0.271863 0.348958 0.072243 0.083333
1 0.250951 0.401042 0.076046 0.093750
1 0.492395 0.416667 0.057034 0.093750
1 0.446768 0.424479 0.057034 0.098958
1 0.595057 0.414062 0.079848 0.088542
1 0.604563 0.473958 0.083650 0.083333
1 0.760456 0.466146 0.060837 0.098958
1 0.752852 0.583333 0.045627 0.104167
1 0.714829 0.572917 0.045627 0.093750
1 0.490494 0.528646 0.098859 0.098958
1 0.323194 0.677083 0.060837 0.072917
1 0.304183 0.729167 0.068441 0.072917
1 0.241445 0.653646 0.072243 0.078125
1 0.224335 0.708333 0.068441 0.083333
1 0.807985 0.549479 0.049430 0.067708
