1 0.725610 0.324390 0.085366 0.063415
1 0.719512 0.363415 0.073171 0.073171
1 0.577236 0.419512 0.081301 0.097561
1 0.678862 0.526829 0.081301 0.087805
1 0.798780 0.612195 0.085366 0.082927
1 0.786585 0.665854 0.077236 0.073171
1 0.676829 0.670732 0.069106 0.073171
1 0.313008 0.517073 0.073171 0.068293
1 0.302846 0.570732 0.077236 0.078049
1 0.225610 0.473171 0.069106 0.078049
1 0.217480 0.539024 0.077236 0.082927
1 0.235772 0.692683 0.073171 0.068293
1 0.225610 0.729268 0.077236 0.063415
1 0.331301 0.746341 0.085366 0.097561
