1 0.248106 0.327225 0.049242 0.057592
1 0.227273 0.358639 0.045455 0.057592
1 0.140152 0.455497 0.045455 0.062827
1 0.176136 0.505236 0.041667 0.057592
1 0.215909 0.510471 0.037879 0.057592
1 0.350379 0.465969 0.049242 0.062827
1 0.321970 0.494764 0.037879 0.068063
1 0.399621 0.518325 0.041667 0.062827
1 0.361742 0.539267 0.049242 0.073298
1 0.267045 0.570681 0.041667 0.052356
1 0.265152 0.628272 0.045455 0.062827
1 0.314394 0.646597 0.045455 0.068063
1 0.223485 0.455497 0.045455 0.052356
1 0.308712 0.589005 0.041667 0.057592
1 0.592803 0.437173 0.056818 0.057592
1 0.562500 0.460733 0.041667 0.062827
1 0.596591 0.520942 0.041667 0.068063
1 0.666667 0.337696 0.045455 0.068063
1 0.704545 0.366492 0.045455 0.052356
1 0.706439 0.410995 0.056818 0.047120
1 0.638258 0.520942 0.041667 0.068063
1 0.793561 0.445026 0.041667 0.062827
1 0.827652 0.497382 0.049242 0.062827
1 0.801136 0.520942 0.041667 0.057592
1 0.765152 0.476440 0.045455 0.062827
1 0.736742 0.510471 0.049242 0.068063
1 0.736742 0.560209 0.041667 0.052356
1 0.770833 0.604712 0.049242 0.057592
1 0.753788 0.643979 0.045455 0.062827
1 0.687500 0.575916 0.056818 0.052356
1 0.685606 0.630890 0.037879 0.068063
1 0.725379 0.599476 0.041667 0.057592
