1 0.273585 0.331395 0.150943 0.174419
1 0.188679 0.401163 0.150943 0.197674
1 0.377358 0.470930 0.150943 0.197674
1 0.278302 0.558140 0.141509 0.186047
1 0.495283 0.622093 0.160377 0.197674
1 0.410377 0.703488 0.141509 0.174419
1 0.580189 0.755814 0.160377 0.209302
1 0.509434 0.854651 0.169811 0.174419
1 0.754717 0.587209 0.150943 0.174419
1 0.650943 0.633721 0.113208 0.174419
1 0.683962 0.418605 0.160377 0.186047
1 0.584906 0.482558 0.132075 0.174419
1 0.537736 0.244186 0.169811 0.209302
1 0.476415 0.337209 0.141509 0.162791
1 0.415094 0.139535 0.169811 0.162791
1 0.349057 0.226744 0.150943 0.174419
