1 0.242915 0.215686 0.056680 0.078431
1 0.192308 0.203431 0.060729 0.093137
1 0.182186 0.306373 0.056680 0.093137
1 0.232794 0.311275 0.044534 0.073529
1 0.516194 0.181373 0.085020 0.098039
1 0.467611 0.259804 0.093117 0.107843
1 0.738866 0.272059 0.076923 0.093137
1 0.795547 0.311275 0.068826 0.083333
1 0.757085 0.409314 0.072874 0.093137
1 0.702429 0.377451 0.076923 0.098039
1 0.512146 0.399510 0.060729 0.102941
1 0.455466 0.389706 0.060729 0.093137
1 0.212551 0.575980 0.068826 0.073529
1 0.163968 0.661765 0.076923 0.088235
1 0.218623 0.723039 0.080972 0.093137
1 0.267206 0.634804 0.072874 0.093137
1 0.744939 0.620098 0.072874 0.093137
1 0.819838 0.693627 0.076923 0.102941
1 0.777328 0.750000 0.080972 0.098039
1 0.704453 0.674020 0.072874 0.093137
1 0.534413 0.691176 0.072874 0.078431
1 0.550607 0.750000 0.072874 0.068627
1 0.453441 0.740196 0.089069 0.078431
1 0.469636 0.801471 0.072874 0.083333
