1 0.264831 0.253521 0.097458 0.093897
1 0.245763 0.316901 0.093220 0.089202
1 0.169492 0.420188 0.093220 0.098592
1 0.146186 0.485915 0.088983 0.098592
1 0.273305 0.488263 0.088983 0.075117
1 0.254237 0.561033 0.101695 0.098592
1 0.355932 0.495305 0.093220 0.089202
1 0.341102 0.553991 0.080508 0.084507
1 0.442797 0.345070 0.088983 0.098592
1 0.510593 0.434272 0.088983 0.079812
1 0.487288 0.469484 0.084746 0.084507
1 0.447034 0.591549 0.097458 0.103286
1 0.421610 0.652582 0.097458 0.103286
1 0.629237 0.267606 0.097458 0.112676
1 0.754237 0.258216 0.101695 0.093897
1 0.730932 0.309859 0.097458 0.084507
1 0.773305 0.382629 0.097458 0.107981
1 0.713983 0.490610 0.105932 0.107981
1 0.512712 0.328638 0.084746 0.093897
1 0.849576 0.500000 0.097458 0.098592
1 0.819915 0.551643 0.088983 0.098592
1 0.618644 0.661972 0.101695 0.093897
