4 0.490566 0.097701 0.113208 0.103448
4 0.589623 0.195402 0.084906 0.160920
4 0.405660 0.304598 0.094340 0.126437
4 0.481132 0.350575 0.075472 0.126437
4 0.679245 0.367816 0.132075 0.091954
4 0.641509 0.494253 0.075472 0.137931
4 0.702830 0.517241 0.066038 0.137931
4 0.584906 0.574713 0.113208 0.114943
4 0.367925 0.482759 0.132075 0.114943
4 0.250000 0.436782 0.084906 0.137931
4 0.169811 0.390805 0.094340 0.091954
4 0.160377 0.563218 0.113208 0.091954
4 0.207547 0.672414 0.094340 0.149425
4 0.127358 0.781609 0.103774 0.114943
4 0.297170 0.735632 0.122642 0.091954
