4 0.208678 0.138756 0.086777 0.172249
4 0.293388 0.255981 0.140496 0.110048
4 0.526860 0.114833 0.119835 0.114833
4 0.628099 0.093301 0.090909 0.148325
4 0.791322 0.157895 0.119835 0.133971
4 0.809917 0.354067 0.090909 0.153110
4 0.646694 0.368421 0.103306 0.124402
4 0.576446 0.282297 0.136364 0.114833
4 0.390496 0.361244 0.103306 0.129187
4 0.243802 0.413876 0.090909 0.148325
4 0.107438 0.468900 0.082645 0.172249
4 0.115702 0.643541 0.090909 0.157895
4 0.219008 0.617225 0.099174 0.153110
4 0.349174 0.566986 0.103306 0.119617
4 0.553719 0.535885 0.107438 0.143541
4 0.167355 0.837321 0.078512 0.143541
4 0.349174 0.849282 0.119835 0.119617
4 0.508264 0.715311 0.090909 0.129187
4 0.590909 0.712919 0.074380 0.124402
4 0.603306 0.875598 0.123967 0.133971
4 0.845041 0.877990 0.128099 0.129187
4 0.869835 0.677033 0.086777 0.148325
4 0.735537 0.633971 0.107438 0.148325
