2 0.043726 0.041455 0.077313 0.079526
2 0.103295 0.142978 0.084918 0.106599
2 0.228771 0.189509 0.089987 0.084602
2 0.080482 0.348562 0.082383 0.094755
2 0.038023 0.565990 0.073511 0.093063
2 0.240177 0.386633 0.087452 0.123519
2 0.257288 0.549915 0.068441 0.115059
2 0.494930 0.371404 0.087452 0.113367
2 0.512674 0.044839 0.049430 0.086294
2 0.536755 0.054146 0.049430 0.091371
2 0.602028 0.094755 0.078580 0.104907
2 0.730038 0.137056 0.070976 0.115059
2 0.667934 0.313875 0.081115 0.116751
2 0.542459 0.521997 0.065906 0.109983
2 0.856781 0.175973 0.078580 0.111675
2 0.951204 0.261421 0.084918 0.116751
2 0.798479 0.411168 0.070976 0.108291
2 0.896705 0.586294 0.077313 0.103215
2 0.768061 0.604061 0.086185 0.108291
2 0.836502 0.787648 0.078580 0.076142
2 0.801648 0.934856 0.084918 0.123519
2 0.673638 0.754653 0.077313 0.101523
2 0.645754 0.875635 0.084918 0.106599
2 0.534854 0.764805 0.078580 0.108291
2 0.463245 0.632826 0.082383 0.104907
2 0.349810 0.625212 0.068441 0.120135
2 0.294677 0.309645 0.077313 0.104907
2 0.137516 0.824027 0.087452 0.115059
2 0.421420 0.881557 0.084918 0.098139
2 0.020279 0.853638 0.038023 0.120135
