0 0.168440 0.248603 0.039007 0.061453
0 0.129433 0.270950 0.031915 0.061453
0 0.157801 0.354749 0.031915 0.072626
0 0.207447 0.321229 0.046099 0.072626
0 0.255319 0.273743 0.042553 0.055866
0 0.352837 0.296089 0.031915 0.055866
0 0.331560 0.374302 0.039007 0.067039
0 0.386525 0.368715 0.042553 0.067039
0 0.329787 0.240223 0.035461 0.055866
0 0.404255 0.304469 0.035461 0.061453
0 0.205674 0.421788 0.042553 0.061453
0 0.251773 0.385475 0.042553 0.055866
0 0.132979 0.438547 0.039007 0.050279
0 0.118794 0.508380 0.046099 0.055866
0 0.099291 0.452514 0.035461 0.055866
0 0.210993 0.675978 0.031915 0.055866
0 0.244681 0.743017 0.028369 0.055866
0 0.283688 0.743017 0.035461 0.055866
0 0.338652 0.720670 0.031915 0.055866
0 0.310284 0.684358 0.039007 0.050279
0 0.255319 0.662011 0.035461 0.061453
0 0.308511 0.561453 0.035461 0.061453
0 0.157801 0.653631 0.039007 0.055866
0 0.386525 0.474860 0.035461 0.044693
0 0.425532 0.494413 0.035461 0.050279
0 0.402482 0.541899 0.031915 0.055866
0 0.432624 0.407821 0.035461 0.055866
0 0.574468 0.337989 0.035461 0.061453
0 0.546099 0.385475 0.042553 0.067039
0 0.526596 0.474860 0.031915 0.055866
0 0.551418 0.541899 0.039007 0.078212
0 0.732270 0.354749 0.046099 0.061453
0 0.781915 0.282123 0.039007 0.050279
0 0.815603 0.229050 0.042553 0.078212
0 0.900709 0.287709 0.035461 0.061453
0 0.914894 0.374302 0.042553 0.067039
0 0.937943 0.421788 0.039007 0.061453
0 0.943262 0.544693 0.035461 0.050279
0 0.810284 0.488827 0.039007 0.061453
0 0.829787 0.589385 0.042553 0.072626
0 0.723404 0.550279 0.042553 0.061453
0 0.609929 0.248603 0.035461 0.072626
0 0.613475 0.608939 0.042553 0.055866
0 0.824468 0.762570 0.039007 0.061453
0 0.707447 0.804469 0.031915 0.044693
0 0.659574 0.793296 0.035461 0.055866
0 0.783688 0.815642 0.035461 0.055866
0 0.265957 0.547486 0.035461 0.055866
