0 0.449561 0.355263 0.048246 0.052632
0 0.405702 0.366228 0.039474 0.048246
0 0.364035 0.392544 0.052632 0.048246
0 0.359649 0.451754 0.043860 0.035088
0 0.375000 0.491228 0.039474 0.052632
0 0.434211 0.451754 0.035088 0.052632
0 0.425439 0.502193 0.035088 0.057018
0 0.504386 0.460526 0.035088 0.052632
0 0.563596 0.458333 0.048246 0.048246
0 0.574561 0.500000 0.043860 0.043860
0 0.526316 0.526316 0.043860 0.052632
0 0.644737 0.390351 0.043860 0.043860
0 0.642544 0.736842 0.057018 0.052632
0 0.701754 0.708333 0.035088 0.039474
0 0.622807 0.642544 0.043860 0.039474
0 0.557018 0.646930 0.026316 0.030702
0 0.574561 0.699561 0.035088 0.039474
