0 0.473684 0.346491 0.043860 0.061404
0 0.526316 0.377193 0.043860 0.043860
0 0.567982 0.355263 0.039474 0.035088
0 0.646930 0.355263 0.039474 0.043860
0 0.686404 0.407895 0.030702 0.035088
0 0.725877 0.453947 0.030702 0.039474
0 0.535088 0.414474 0.052632 0.039474
0 0.410088 0.460526 0.048246 0.043860
0 0.493421 0.513158 0.039474 0.043860
0 0.677632 0.513158 0.039474 0.052632
0 0.574561 0.482456 0.052632 0.043860
0 0.548246 0.537281 0.035088 0.039474
0 0.585526 0.563596 0.039474 0.030702
0 0.622807 0.605263 0.035088 0.035088
0 0.640351 0.574561 0.035088 0.035088
0 0.730263 0.778509 0.048246 0.057018
0 0.432018 0.504386 0.030702 0.035088
