0 0.546053 0.265351 0.039474 0.048246
0 0.471491 0.278509 0.039474 0.039474
0 0.427632 0.300439 0.039474 0.039474
0 0.561404 0.346491 0.061404 0.061404
0 0.644737 0.333333 0.052632 0.052632
0 0.692982 0.368421 0.052632 0.043860
0 0.607456 0.394737 0.048246 0.052632
0 0.673246 0.425439 0.057018 0.052632
0 0.572368 0.554825 0.057018 0.057018
0 0.528509 0.614035 0.039474 0.043860
0 0.574561 0.675439 0.035088 0.043860
0 0.620614 0.662281 0.048246 0.043860
0 0.668860 0.515351 0.039474 0.039474
0 0.673246 0.552632 0.048246 0.043860
0 0.697368 0.594298 0.043860 0.039474
0 0.625000 0.596491 0.039474 0.043860
0 0.631579 0.471491 0.052632 0.039474
0 0.469298 0.399123 0.052632 0.052632
0 0.528509 0.447368 0.039474 0.035088
0 0.548246 0.489035 0.052632 0.048246
0 0.508772 0.515351 0.043860 0.039474
0 0.412281 0.370614 0.043860 0.039474
0 0.377193 0.414474 0.043860 0.039474
0 0.311404 0.427632 0.052632 0.057018
0 0.337719 0.484649 0.043860 0.048246
0 0.388158 0.462719 0.030702 0.039474
0 0.407895 0.506579 0.035088 0.039474
0 0.489035 0.482456 0.039474 0.043860
