0 0.359649 0.252193 0.052632 0.048246
0 0.353070 0.311404 0.048246 0.043860
0 0.482456 0.153509 0.043860 0.043860
0 0.578947 0.164474 0.052632 0.030702
0 0.407895 0.239035 0.043860 0.048246
0 0.451754 0.254386 0.026316 0.035088
0 0.592105 0.199561 0.035088 0.030702
0 0.574561 0.232456 0.035088 0.035088
0 0.557018 0.256579 0.035088 0.030702
0 0.552632 0.278509 0.026316 0.030702
0 0.532895 0.309211 0.030702 0.030702
0 0.572368 0.331140 0.039474 0.048246
0 0.517544 0.197368 0.035088 0.035088
0 0.508772 0.361842 0.026316 0.039474
0 0.557018 0.377193 0.043860 0.043860
0 0.372807 0.359649 0.043860 0.043860
0 0.339912 0.392544 0.039474 0.039474
0 0.307018 0.414474 0.035088 0.039474
0 0.263158 0.390351 0.043860 0.043860
0 0.646930 0.462719 0.039474 0.048246
0 0.598684 0.449561 0.039474 0.048246
0 0.546053 0.438596 0.048246 0.043860
0 0.484649 0.423246 0.057018 0.048246
0 0.390351 0.405702 0.035088 0.048246
0 0.432018 0.432018 0.048246 0.039474
0 0.361842 0.447368 0.048246 0.035088
0 0.633772 0.504386 0.048246 0.043860
0 0.578947 0.489035 0.043860 0.048246
0 0.456140 0.467105 0.043860 0.030702
0 0.471491 0.504386 0.039474 0.043860
0 0.649123 0.589912 0.035088 0.048246
0 0.605263 0.576754 0.026316 0.039474
0 0.581140 0.537281 0.039474 0.039474
0 0.541667 0.565789 0.030702 0.043860
0 0.532895 0.502193 0.039474 0.048246
0 0.353070 0.528509 0.048246 0.039474
0 0.359649 0.493421 0.043860 0.039474
0 0.440789 0.543860 0.048246 0.043860
0 0.482456 0.574561 0.052632 0.043860
0 0.350877 0.585526 0.043860 0.030702
0 0.399123 0.583333 0.035088 0.035088
0 0.416667 0.622807 0.035088 0.043860
0 0.458333 0.609649 0.030702 0.035088
0 0.515351 0.627193 0.048246 0.052632
0 0.570175 0.644737 0.035088 0.043860
0 0.622807 0.657895 0.052632 0.052632
0 0.594298 0.690789 0.030702 0.039474
0 0.629386 0.714912 0.048246 0.052632
0 0.576754 0.725877 0.030702 0.039474
0 0.464912 0.703947 0.035088 0.039474
0 0.396930 0.697368 0.039474 0.043860
0 0.528509 0.701754 0.039474 0.035088
0 0.528509 0.750000 0.048246 0.043860
0 0.502193 0.789474 0.039474 0.043860
0 0.331140 0.690789 0.039474 0.030702
0 0.293860 0.736842 0.043860 0.043860
0 0.271930 0.532895 0.043860 0.048246
0 0.405702 0.311404 0.039474 0.043860
0 0.434211 0.394737 0.043860 0.035088
