0 0.688235 0.156566 0.058824 0.080808
0 0.792157 0.159091 0.054902 0.085859
0 0.852941 0.133838 0.058824 0.085859
0 0.892157 0.222222 0.058824 0.080808
0 0.888235 0.303030 0.058824 0.080808
0 0.837255 0.356061 0.050980 0.065657
0 0.805882 0.419192 0.043137 0.080808
0 0.709804 0.267677 0.070588 0.070707
0 0.705882 0.338384 0.054902 0.070707
0 0.760784 0.404040 0.039216 0.070707
0 0.711765 0.411616 0.058824 0.075758
0 0.300000 0.444444 0.050980 0.080808
0 0.394118 0.469697 0.058824 0.070707
0 0.429412 0.525253 0.058824 0.060606
0 0.447059 0.590909 0.070588 0.060606
0 0.350980 0.558081 0.058824 0.075758
0 0.343137 0.457071 0.043137 0.085859
0 0.252941 0.489899 0.058824 0.060606
0 0.288235 0.570707 0.050980 0.070707
0 0.235294 0.580808 0.054902 0.070707
0 0.190196 0.593434 0.043137 0.075758
0 0.137255 0.598485 0.062745 0.055556
0 0.111765 0.671717 0.058824 0.070707
0 0.190196 0.717172 0.058824 0.070707
0 0.129412 0.797980 0.062745 0.060606
0 0.182353 0.851010 0.058824 0.075758
0 0.260784 0.787879 0.058824 0.070707
0 0.317647 0.712121 0.047059 0.070707
0 0.400000 0.674242 0.054902 0.065657
0 0.339216 0.820707 0.058824 0.065657
0 0.245098 0.853535 0.050980 0.060606
