0 0.472119 0.226064 0.052045 0.079787
0 0.579926 0.207447 0.052045 0.085106
0 0.682156 0.148936 0.063197 0.074468
0 0.869888 0.037234 0.052045 0.063830
0 0.695167 0.250000 0.044610 0.085106
0 0.245353 0.406915 0.059480 0.058511
0 0.184015 0.446809 0.055762 0.074468
0 0.206320 0.521277 0.063197 0.063830
0 0.169145 0.617021 0.063197 0.074468
0 0.226766 0.585106 0.052045 0.053191
0 0.204461 0.696809 0.052045 0.063830
0 0.254647 0.694149 0.048327 0.079787
0 0.321561 0.683511 0.040892 0.079787
0 0.368030 0.654255 0.052045 0.063830
0 0.507435 0.614362 0.048327 0.069149
0 0.494424 0.489362 0.052045 0.063830
0 0.304833 0.452128 0.044610 0.074468
0 0.345725 0.414894 0.059480 0.085106
0 0.360595 0.529255 0.059480 0.069149
0 0.516729 0.401596 0.052045 0.069149
0 0.581784 0.319149 0.055762 0.074468
0 0.763941 0.271277 0.048327 0.074468
0 0.856877 0.215426 0.055762 0.079787
0 0.925651 0.311170 0.052045 0.069149
0 0.910781 0.438830 0.052045 0.069149
0 0.856877 0.481383 0.048327 0.079787
0 0.814126 0.409574 0.052045 0.074468
0 0.672862 0.425532 0.044610 0.085106
0 0.626394 0.691489 0.063197 0.085106
0 0.559480 0.744681 0.048327 0.074468
0 0.659851 0.800532 0.048327 0.079787
0 0.589219 0.837766 0.055762 0.069149
0 0.711896 0.917553 0.048327 0.069149
