0 0.311741 0.061275 0.040486 0.044118
0 0.251012 0.063725 0.040486 0.049020
0 0.238866 0.156863 0.048583 0.078431
0 0.338057 0.147059 0.060729 0.068627
0 0.309717 0.196078 0.052632 0.068627
0 0.143725 0.186275 0.052632 0.068627
0 0.198381 0.220588 0.056680 0.058824
0 0.117409 0.262255 0.056680 0.073529
0 0.159919 0.308824 0.052632 0.068627
0 0.200405 0.325980 0.036437 0.053922
0 0.190283 0.379902 0.056680 0.063725
0 0.259109 0.357843 0.040486 0.068627
0 0.236842 0.421569 0.052632 0.058824
0 0.297571 0.345588 0.052632 0.063725
0 0.378543 0.274510 0.052632 0.068627
0 0.323887 0.259804 0.048583 0.058824
0 0.236842 0.585784 0.052632 0.073529
0 0.246964 0.649510 0.048583 0.053922
0 0.321862 0.625000 0.052632 0.063725
0 0.204453 0.661765 0.052632 0.058824
0 0.147773 0.642157 0.060729 0.068627
0 0.340081 0.693627 0.048583 0.073529
0 0.133603 0.732843 0.056680 0.073529
0 0.382591 0.740196 0.052632 0.068627
0 0.338057 0.803922 0.044534 0.058824
0 0.297571 0.769608 0.052632 0.049020
0 0.267206 0.799020 0.048583 0.058824
0 0.184211 0.745098 0.052632 0.058824
0 0.208502 0.784314 0.036437 0.039216
0 0.192308 0.833333 0.052632 0.068627
0 0.248988 0.860294 0.060729 0.053922
0 0.659919 0.083333 0.048583 0.068627
0 0.621457 0.105392 0.052632 0.053922
0 0.627530 0.156863 0.048583 0.049020
0 0.593117 0.191176 0.052632 0.058824
0 0.724696 0.039216 0.040486 0.068627
0 0.763158 0.031863 0.052632 0.053922
0 0.809717 0.088235 0.040486 0.068627
0 0.872470 0.100490 0.052632 0.063725
0 0.805668 0.178922 0.056680 0.083333
0 0.937247 0.127451 0.060729 0.068627
0 0.793522 0.242647 0.064777 0.073529
0 0.866397 0.301471 0.072874 0.083333
0 0.931174 0.247549 0.064777 0.083333
0 0.692308 0.142157 0.048583 0.068627
0 0.661943 0.208333 0.060729 0.053922
0 0.603239 0.242647 0.056680 0.044118
0 0.593117 0.284314 0.060729 0.058824
0 0.668016 0.279412 0.048583 0.058824
0 0.736842 0.308824 0.064777 0.058824
0 0.947368 0.426471 0.056680 0.068627
0 0.805668 0.426471 0.048583 0.068627
0 0.708502 0.365196 0.056680 0.073529
0 0.765182 0.365196 0.048583 0.083333
0 0.706478 0.441176 0.060729 0.068627
0 0.526316 0.355392 0.048583 0.053922
0 0.655870 0.367647 0.056680 0.068627
0 0.504049 0.411765 0.068826 0.058824
0 0.578947 0.428922 0.056680 0.053922
0 0.522267 0.492647 0.056680 0.053922
0 0.678138 0.522059 0.060729 0.073529
0 0.945344 0.536765 0.060729 0.073529
0 0.791498 0.578431 0.060729 0.078431
0 0.605263 0.504902 0.060729 0.058824
0 0.489879 0.566176 0.056680 0.053922
0 0.554656 0.585784 0.048583 0.053922
0 0.819838 0.713235 0.060729 0.073529
0 0.775304 0.661765 0.052632 0.058824
0 0.904858 0.683824 0.044534 0.053922
0 0.955466 0.612745 0.040486 0.058824
0 0.961538 0.683824 0.060729 0.053922
0 0.967611 0.789216 0.048583 0.068627
0 0.979757 0.727941 0.040486 0.063725
0 0.868421 0.745098 0.052632 0.058824
0 0.921053 0.855392 0.044534 0.063725
0 0.836032 0.845588 0.060729 0.053922
0 0.854251 0.889706 0.048583 0.053922
0 0.783401 0.821078 0.052632 0.044118
0 0.801619 0.776961 0.056680 0.053922
0 0.688259 0.649510 0.040486 0.053922
0 0.585020 0.625000 0.052632 0.034314
0 0.538462 0.681373 0.040486 0.049020
0 0.580972 0.676471 0.036437 0.058824
0 0.568826 0.737745 0.044534 0.063725
0 0.522267 0.740196 0.056680 0.058824
0 0.514170 0.632353 0.056680 0.049020
0 0.623482 0.727941 0.064777 0.053922
0 0.702429 0.718137 0.036437 0.063725
0 0.643725 0.821078 0.064777 0.053922
0 0.714575 0.855392 0.044534 0.063725
0 0.670040 0.884804 0.060729 0.063725
0 0.718623 0.909314 0.060729 0.063725
0 0.755061 0.946078 0.060729 0.078431
0 0.805668 0.926471 0.056680 0.068627
0 0.923077 0.960784 0.048583 0.058824
0 0.969636 0.968137 0.052632 0.063725
