0 0.662281 0.267544 0.026316 0.035088
0 0.640351 0.285088 0.035088 0.043860
0 0.524123 0.311404 0.039474 0.035088
0 0.587719 0.317982 0.017544 0.021930
0 0.603070 0.348684 0.039474 0.039474
0 0.585526 0.236842 0.021930 0.026316
0 0.743421 0.401316 0.030702 0.039474
0 0.793860 0.445175 0.035088 0.039474
0 0.732456 0.445175 0.035088 0.048246
0 0.168860 0.638158 0.048246 0.048246
0 0.210526 0.673246 0.043860 0.039474
0 0.254386 0.701754 0.043860 0.043860
0 0.190789 0.592105 0.039474 0.043860
0 0.228070 0.539474 0.043860 0.052632
0 0.278509 0.515351 0.030702 0.039474
0 0.280702 0.581140 0.043860 0.039474
0 0.337719 0.627193 0.043860 0.043860
0 0.434211 0.653509 0.043860 0.026316
0 0.438596 0.701754 0.035088 0.052632
0 0.258772 0.635965 0.043860 0.043860
0 0.348684 0.570175 0.039474 0.035088
0 0.432018 0.585526 0.039474 0.039474
0 0.392544 0.651316 0.039474 0.039474
0 0.493421 0.609649 0.048246 0.026316
0 0.802632 0.688596 0.043860 0.035088
0 0.778509 0.732456 0.039474 0.035088
0 0.905702 0.745614 0.039474 0.043860
0 0.850877 0.736842 0.035088 0.043860
0 0.817982 0.776316 0.039474 0.043860
0 0.861842 0.793860 0.048246 0.043860
0 0.853070 0.686404 0.030702 0.030702
0 0.344298 0.701754 0.030702 0.035088
0 0.782895 0.405702 0.039474 0.030702
0 0.385965 0.703947 0.035088 0.039474
