0 0.153386 0.130000 0.043825 0.040000
0 0.119522 0.215000 0.047809 0.080000
0 0.227092 0.080000 0.039841 0.050000
0 0.270916 0.087500 0.039841 0.055000
0 0.342629 0.085000 0.055777 0.060000
0 0.382470 0.112500 0.039841 0.065000
0 0.422311 0.137500 0.039841 0.045000
0 0.430279 0.175000 0.047809 0.040000
0 0.438247 0.222500 0.047809 0.065000
0 0.432271 0.295000 0.043825 0.040000
0 0.424303 0.370000 0.051793 0.060000
0 0.364542 0.457500 0.043825 0.055000
0 0.398406 0.415000 0.055777 0.060000
0 0.276892 0.482500 0.051793 0.055000
0 0.322709 0.457500 0.031873 0.045000
0 0.215139 0.482500 0.047809 0.065000
0 0.173307 0.452500 0.043825 0.055000
0 0.171315 0.395000 0.039841 0.050000
0 0.153386 0.340000 0.051793 0.060000
0 0.139442 0.277500 0.055777 0.055000
0 0.621514 0.172500 0.047809 0.055000
0 0.631474 0.107500 0.043825 0.045000
0 0.683267 0.120000 0.043825 0.060000
0 0.749004 0.112500 0.031873 0.055000
0 0.798805 0.117500 0.035857 0.055000
0 0.852590 0.152500 0.055777 0.055000
0 0.856574 0.200000 0.047809 0.050000
0 0.749004 0.255000 0.039841 0.050000
0 0.693227 0.300000 0.039841 0.050000
0 0.784861 0.347500 0.039841 0.055000
0 0.719124 0.387500 0.043825 0.055000
0 0.569721 0.225000 0.063745 0.040000
0 0.581673 0.285000 0.071713 0.060000
0 0.583665 0.355000 0.051793 0.050000
0 0.609562 0.422500 0.055777 0.055000
0 0.651394 0.485000 0.043825 0.060000
0 0.697211 0.492500 0.031873 0.055000
0 0.733068 0.475000 0.039841 0.060000
0 0.790837 0.465000 0.043825 0.070000
0 0.822709 0.437500 0.043825 0.055000
0 0.850598 0.360000 0.051793 0.050000
0 0.870518 0.310000 0.051793 0.050000
0 0.685259 0.625000 0.031873 0.050000
0 0.735060 0.637500 0.035857 0.055000
0 0.794821 0.687500 0.043825 0.045000
0 0.637450 0.655000 0.031873 0.050000
0 0.603586 0.745000 0.043825 0.050000
0 0.605578 0.800000 0.039841 0.040000
0 0.800797 0.767500 0.047809 0.055000
0 0.749004 0.862500 0.031873 0.045000
0 0.711155 0.892500 0.035857 0.055000
0 0.655378 0.870000 0.035857 0.050000
0 0.920319 0.937500 0.023904 0.045000
0 0.864542 0.975000 0.039841 0.040000
0 0.964143 0.945000 0.031873 0.050000
0 0.264940 0.587500 0.043825 0.065000
0 0.318725 0.617500 0.047809 0.065000
0 0.372510 0.687500 0.027888 0.045000
0 0.426295 0.702500 0.031873 0.045000
0 0.454183 0.775000 0.039841 0.050000
0 0.456175 0.822500 0.043825 0.045000
0 0.396414 0.930000 0.043825 0.050000
0 0.432271 0.895000 0.035857 0.040000
0 0.310757 0.800000 0.039841 0.060000
0 0.205179 0.595000 0.043825 0.050000
0 0.151394 0.645000 0.047809 0.060000
0 0.131474 0.705000 0.039841 0.040000
0 0.139442 0.785000 0.047809 0.050000
0 0.199203 0.842500 0.039841 0.045000
0 0.276892 0.887500 0.035857 0.055000
0 0.304781 0.925000 0.051793 0.050000
0 0.264940 0.775000 0.035857 0.060000
