0 0.061321 0.143678 0.084906 0.080460
0 0.132075 0.218391 0.075472 0.114943
0 0.226415 0.149425 0.075472 0.137931
0 0.334906 0.178161 0.084906 0.126437
0 0.509434 0.344828 0.169811 0.206897
0 0.735849 0.264368 0.113208 0.137931
0 0.924528 0.321839 0.132075 0.114943
0 0.891509 0.396552 0.122642 0.126437
0 0.688679 0.155172 0.094340 0.126437
0 0.132075 0.425287 0.132075 0.160920
0 0.084906 0.557471 0.094340 0.149425
0 0.160377 0.666667 0.113208 0.137931
0 0.301887 0.557471 0.113208 0.172414
0 0.575472 0.741379 0.113208 0.149425
0 0.801887 0.827586 0.113208 0.160920
0 0.424528 0.609195 0.094340 0.160920
0 0.504717 0.568966 0.103774 0.126437
0 0.778302 0.580460 0.103774 0.172414
