0 0.344017 0.137209 0.055556 0.079070
0 0.401709 0.137209 0.042735 0.051163
0 0.880342 0.458140 0.034188 0.051163
0 0.931624 0.490698 0.042735 0.051163
0 0.912393 0.541860 0.047009 0.032558
0 0.431624 0.434884 0.042735 0.051163
0 0.282051 0.276744 0.059829 0.051163
0 0.301282 0.218605 0.029915 0.046512
0 0.457265 0.172093 0.051282 0.074419
0 0.264957 0.327907 0.042735 0.051163
0 0.316239 0.511628 0.051282 0.074419
0 0.903846 0.646512 0.038462 0.055814
0 0.880342 0.686047 0.059829 0.041860
0 0.358974 0.788372 0.051282 0.060465
0 0.292735 0.800000 0.047009 0.055814
0 0.188034 0.688372 0.051282 0.046512
0 0.170940 0.597674 0.042735 0.060465
0 0.183761 0.541860 0.051282 0.051163
0 0.226496 0.727907 0.051282 0.051163
0 0.480769 0.816279 0.038462 0.041860
0 0.692308 0.851163 0.042735 0.055814
0 0.508547 0.674419 0.051282 0.037209
0 0.521368 0.758140 0.051282 0.074419
0 0.589744 0.820930 0.042735 0.051163
0 0.557692 0.846512 0.047009 0.065116
0 0.267094 0.204651 0.047009 0.065116
