0 0.221790 0.316327 0.038911 0.061224
0 0.190661 0.341837 0.031128 0.051020
0 0.299611 0.357143 0.046693 0.051020
0 0.247082 0.359694 0.035019 0.056122
0 0.182879 0.405612 0.038911 0.056122
0 0.167315 0.456633 0.046693 0.056122
0 0.138132 0.487245 0.042802 0.056122
0 0.223735 0.528061 0.035019 0.056122
0 0.184825 0.510204 0.042802 0.051020
0 0.249027 0.571429 0.046693 0.061224
0 0.258755 0.464286 0.035019 0.040816
0 0.284047 0.505102 0.038911 0.040816
0 0.322957 0.451531 0.038911 0.056122
0 0.435798 0.270408 0.054475 0.061224
0 0.428016 0.336735 0.062257 0.061224
0 0.928016 0.275510 0.035019 0.071429
0 0.982490 0.270408 0.035019 0.061224
0 0.955253 0.349490 0.042802 0.066327
0 0.729572 0.385204 0.050584 0.056122
0 0.484436 0.321429 0.042802 0.061224
0 0.531128 0.349490 0.042802 0.056122
0 0.535019 0.408163 0.042802 0.061224
0 0.496109 0.436224 0.042802 0.056122
0 0.406615 0.448980 0.042802 0.071429
0 0.461089 0.507653 0.058366 0.056122
0 0.754864 0.423469 0.046693 0.051020
0 0.692607 0.436224 0.046693 0.056122
0 0.675097 0.489796 0.042802 0.051020
0 0.636187 0.512755 0.042802 0.066327
0 0.813230 0.507653 0.046693 0.066327
0 0.772374 0.477041 0.042802 0.056122
0 0.727626 0.500000 0.046693 0.061224
0 0.715953 0.548469 0.031128 0.045918
0 0.813230 0.568878 0.046693 0.056122
0 0.764591 0.568878 0.042802 0.056122
0 0.785992 0.632653 0.046693 0.081633
0 0.741245 0.640306 0.042802 0.076531
0 0.702335 0.627551 0.042802 0.071429
0 0.540856 0.640306 0.054475 0.066327
0 0.482490 0.650510 0.054475 0.076531
0 0.488327 0.721939 0.050584 0.066327
0 0.540856 0.762755 0.062257 0.066327
0 0.657588 0.571429 0.038911 0.061224
