0 0.059211 0.149123 0.039474 0.043860
0 0.201754 0.142544 0.043860 0.048246
0 0.155702 0.258772 0.048246 0.035088
0 0.146930 0.309211 0.048246 0.048246
0 0.269737 0.256579 0.048246 0.048246
0 0.513158 0.164474 0.043860 0.039474
0 0.500000 0.212719 0.043860 0.039474
0 0.438596 0.263158 0.043860 0.052632
0 0.311404 0.302632 0.026316 0.043860
0 0.370614 0.311404 0.039474 0.043860
0 0.074561 0.385965 0.052632 0.052632
0 0.271930 0.414474 0.043860 0.048246
0 0.342105 0.429825 0.035088 0.052632
0 0.732456 0.192982 0.043860 0.052632
0 0.826754 0.177632 0.048246 0.048246
0 0.179825 0.392544 0.043860 0.039474
0 0.168860 0.471491 0.030702 0.039474
0 0.217105 0.480263 0.048246 0.048246
0 0.462719 0.436404 0.039474 0.030702
0 0.723684 0.339912 0.043860 0.057018
0 0.921053 0.280702 0.043860 0.052632
0 0.655702 0.333333 0.048246 0.043860
0 0.962719 0.388158 0.039474 0.048246
0 0.771930 0.368421 0.043860 0.043860
0 0.787281 0.265351 0.039474 0.039474
0 0.589912 0.361842 0.039474 0.048246
0 0.543860 0.241228 0.043860 0.043860
0 0.344298 0.526316 0.039474 0.043860
0 0.153509 0.539474 0.043860 0.043860
0 0.041667 0.642544 0.057018 0.039474
0 0.083333 0.699561 0.043860 0.048246
0 0.199561 0.596491 0.048246 0.043860
0 0.217105 0.646930 0.048246 0.048246
0 0.179825 0.686404 0.052632 0.048246
0 0.135965 0.703947 0.052632 0.048246
0 0.107456 0.767544 0.057018 0.043860
0 0.416667 0.576754 0.043860 0.048246
0 0.528509 0.567982 0.065789 0.065789
0 0.587719 0.625000 0.043860 0.048246
0 0.692982 0.473684 0.043860 0.043860
0 0.506579 0.462719 0.039474 0.039474
0 0.263158 0.594298 0.035088 0.030702
0 0.350877 0.600877 0.043860 0.043860
0 0.350877 0.688596 0.043860 0.043860
0 0.916667 0.640351 0.052632 0.061404
0 0.820175 0.583333 0.052632 0.052632
0 0.725877 0.429825 0.048246 0.043860
0 0.407895 0.480263 0.035088 0.039474
0 0.870614 0.355263 0.039474 0.043860
0 0.750000 0.603070 0.043860 0.048246
0 0.885965 0.714912 0.043860 0.052632
0 0.938596 0.732456 0.043860 0.052632
0 0.936404 0.541667 0.030702 0.048246
0 0.969298 0.596491 0.035088 0.043860
0 0.418860 0.800439 0.057018 0.057018
0 0.317982 0.771930 0.039474 0.043860
0 0.543860 0.763158 0.043860 0.052632
0 0.489035 0.793860 0.057018 0.052632
0 0.625000 0.855263 0.048246 0.043860
0 0.826754 0.853070 0.057018 0.039474
0 0.910088 0.842105 0.039474 0.043860
0 0.774123 0.780702 0.048246 0.052632
0 0.633772 0.699561 0.048246 0.065789
0 0.815789 0.524123 0.043860 0.048246
0 0.208333 0.210526 0.030702 0.035088
