0 0.283058 0.170673 0.037190 0.043269
0 0.303719 0.223558 0.037190 0.043269
0 0.278926 0.252404 0.028926 0.043269
0 0.301653 0.286058 0.033058 0.043269
0 0.192149 0.245192 0.028926 0.048077
0 0.190083 0.317308 0.049587 0.048077
0 0.190083 0.360577 0.024793 0.048077
0 0.221074 0.382212 0.028926 0.062500
0 0.262397 0.358173 0.045455 0.062500
0 0.725207 0.132212 0.037190 0.043269
0 0.669421 0.312500 0.033058 0.048077
0 0.706612 0.180288 0.041322 0.043269
0 0.735537 0.209135 0.033058 0.043269
0 0.770661 0.218750 0.028926 0.043269
0 0.820248 0.225962 0.037190 0.048077
0 0.772727 0.175481 0.041322 0.033654
0 0.809917 0.072115 0.033058 0.028846
0 0.712810 0.334135 0.028926 0.043269
0 0.764463 0.360577 0.033058 0.038462
0 0.768595 0.401442 0.041322 0.043269
0 0.731405 0.396635 0.033058 0.043269
0 0.673554 0.387019 0.041322 0.043269
0 0.595041 0.391827 0.041322 0.043269
0 0.574380 0.435096 0.024793 0.043269
0 0.561983 0.485577 0.033058 0.048077
0 0.764463 0.456731 0.033058 0.038462
0 0.787190 0.485577 0.037190 0.038462
0 0.760331 0.526442 0.041322 0.052885
0 0.683884 0.507212 0.028926 0.043269
0 0.704545 0.540865 0.028926 0.043269
0 0.628099 0.531250 0.033058 0.043269
0 0.650826 0.502404 0.028926 0.052885
0 0.611570 0.451923 0.041322 0.048077
0 0.221074 0.579327 0.045455 0.033654
0 0.161157 0.632212 0.041322 0.043269
0 0.154959 0.685096 0.037190 0.052885
0 0.196281 0.687500 0.045455 0.038462
0 0.235537 0.658654 0.041322 0.048077
0 0.287190 0.610577 0.037190 0.038462
0 0.332645 0.612981 0.037190 0.043269
0 0.340909 0.661058 0.037190 0.043269
0 0.322314 0.711538 0.033058 0.038462
0 0.357438 0.759615 0.037190 0.048077
0 0.326446 0.802885 0.033058 0.048077
0 0.274793 0.730769 0.037190 0.038462
0 0.177686 0.769231 0.033058 0.038462
0 0.276860 0.810096 0.033058 0.043269
0 0.260331 0.778846 0.049587 0.038462
0 0.185950 0.735577 0.041322 0.048077
0 0.644628 0.665865 0.041322 0.043269
0 0.588843 0.735577 0.037190 0.048077
0 0.776860 0.663462 0.033058 0.048077
0 0.820248 0.668269 0.037190 0.038462
0 0.830579 0.713942 0.041322 0.043269
0 0.774793 0.793269 0.037190 0.057692
0 0.811983 0.790865 0.037190 0.052885
0 0.743802 0.769231 0.041322 0.048077
0 0.667355 0.793269 0.037190 0.048077
0 0.615702 0.776442 0.041322 0.052885
0 0.636364 0.709135 0.041322 0.043269
