0 0.170370 0.393048 0.051852 0.080214
0 0.174074 0.483957 0.059259 0.069519
0 0.146296 0.606952 0.062963 0.080214
0 0.166667 0.713904 0.059259 0.080214
0 0.218519 0.705882 0.037037 0.096257
0 0.261111 0.735294 0.048148 0.090909
0 0.353704 0.745989 0.062963 0.090909
0 0.390741 0.687166 0.055556 0.080214
0 0.424074 0.622995 0.055556 0.069519
0 0.218519 0.360963 0.044444 0.090909
0 0.266667 0.328877 0.051852 0.090909
0 0.348148 0.379679 0.044444 0.096257
0 0.442593 0.489305 0.055556 0.069519
0 0.512963 0.393048 0.070370 0.090909
0 0.444444 0.299465 0.044444 0.064171
0 0.540741 0.219251 0.059259 0.085561
0 0.568519 0.157754 0.040741 0.080214
0 0.611111 0.157754 0.044444 0.090909
0 0.655556 0.160428 0.044444 0.085561
0 0.729630 0.200535 0.044444 0.080214
0 0.783333 0.189840 0.048148 0.090909
0 0.831481 0.189840 0.048148 0.090909
0 0.581481 0.481283 0.051852 0.074866
0 0.557407 0.532086 0.055556 0.058824
0 0.542593 0.588235 0.062963 0.064171
0 0.864815 0.264706 0.040741 0.069519
0 0.894444 0.342246 0.048148 0.064171
0 0.835185 0.395722 0.040741 0.064171
0 0.883333 0.427807 0.033333 0.053476
0 0.790741 0.580214 0.062963 0.080214
0 0.792593 0.660428 0.059259 0.080214
0 0.755556 0.721925 0.059259 0.096257
0 0.698148 0.705882 0.055556 0.085561
0 0.551852 0.724599 0.044444 0.058824
0 0.748148 0.427807 0.044444 0.064171
0 0.735185 0.280749 0.040741 0.069519
