0 0.160714 0.286111 0.071429 0.105556
0 0.296429 0.216667 0.064286 0.111111
0 0.403571 0.319444 0.071429 0.083333
0 0.110714 0.436111 0.071429 0.094444
0 0.366071 0.561111 0.053571 0.100000
0 0.166071 0.652778 0.060714 0.105556
0 0.321429 0.650000 0.071429 0.100000
0 0.560714 0.408333 0.064286 0.094444
0 0.551786 0.525000 0.075000 0.094444
0 0.846429 0.361111 0.071429 0.100000
0 0.892857 0.516667 0.071429 0.100000
0 0.876786 0.611111 0.067857 0.111111
0 0.733929 0.680556 0.060714 0.094444
0 0.644643 0.677778 0.075000 0.122222
