0 0.429245 0.701149 0.103774 0.160920
0 0.301887 0.689655 0.113208 0.114943
0 0.183962 0.706897 0.103774 0.126437
0 0.141509 0.867816 0.113208 0.149425
0 0.650943 0.678161 0.094340 0.137931
0 0.561321 0.804598 0.103774 0.137931
0 0.528302 0.925287 0.113208 0.126437
0 0.745283 0.712644 0.094340 0.114943
0 0.811321 0.821839 0.113208 0.172414
0 0.896226 0.936782 0.150943 0.126437
0 0.721698 0.517241 0.122642 0.114943
0 0.683962 0.408046 0.122642 0.126437
0 0.042453 0.178161 0.066038 0.172414
0 0.518868 0.206897 0.075472 0.137931
0 0.438679 0.189655 0.084906 0.172414
0 0.339623 0.195402 0.094340 0.160920
0 0.160377 0.362069 0.113208 0.103448
0 0.641509 0.298851 0.113208 0.137931
0 0.155660 0.160920 0.084906 0.137931
