0 0.204461 0.286096 0.052045 0.069519
0 0.295539 0.275401 0.055762 0.080214
0 0.302974 0.374332 0.048327 0.064171
0 0.407063 0.328877 0.048327 0.080214
0 0.208178 0.524064 0.052045 0.096257
0 0.152416 0.548128 0.059480 0.090909
0 0.425651 0.443850 0.055762 0.085561
0 0.377323 0.668449 0.055762 0.096257
0 0.301115 0.713904 0.059480 0.080214
0 0.555762 0.574866 0.055762 0.080214
0 0.605948 0.358289 0.052045 0.074866
0 0.691450 0.286096 0.052045 0.080214
0 0.810409 0.339572 0.044610 0.090909
0 0.828996 0.454545 0.066914 0.074866
0 0.700743 0.385027 0.055762 0.064171
0 0.773234 0.580214 0.059480 0.069519
0 0.721190 0.697861 0.052045 0.112299
0 0.375465 0.502674 0.044610 0.064171
