0 0.319106 0.136585 0.060976 0.048780
0 0.321138 0.187805 0.048780 0.053659
0 0.270325 0.207317 0.044715 0.053659
0 0.382114 0.202439 0.073171 0.053659
0 0.215447 0.243902 0.056911 0.068293
0 0.589431 0.121951 0.081301 0.058537
0 0.654472 0.168293 0.056911 0.082927
0 0.593496 0.175610 0.073171 0.068293
0 0.359756 0.321951 0.077236 0.078049
0 0.571138 0.339024 0.077236 0.053659
0 0.329268 0.753659 0.056911 0.102439
0 0.418699 0.817073 0.065041 0.092683
0 0.441057 0.890244 0.093496 0.082927
0 0.430894 0.682927 0.056911 0.048780
0 0.784553 0.570732 0.056911 0.126829
0 0.802846 0.756098 0.077236 0.097561
0 0.745935 0.758537 0.085366 0.063415
0 0.563008 0.665854 0.036585 0.112195
0 0.617886 0.304878 0.081301 0.063415
