0 0.251037 0.186603 0.045643 0.057416
0 0.309129 0.138756 0.037344 0.047847
0 0.363071 0.169856 0.037344 0.043062
0 0.446058 0.133971 0.037344 0.047847
0 0.497925 0.119617 0.033195 0.057416
0 0.568465 0.148325 0.041494 0.057416
0 0.601660 0.220096 0.041494 0.047847
0 0.529046 0.277512 0.053942 0.057416
0 0.450207 0.222488 0.053942 0.062201
0 0.373444 0.270335 0.049793 0.052632
0 0.236515 0.248804 0.049793 0.047847
0 0.292531 0.318182 0.062241 0.052632
0 0.192946 0.320574 0.045643 0.057416
0 0.168050 0.387560 0.045643 0.057416
0 0.705394 0.267943 0.033195 0.066986
0 0.763485 0.311005 0.066390 0.066986
0 0.757261 0.387560 0.045643 0.066986
0 0.234440 0.444976 0.053942 0.057416
0 0.207469 0.488038 0.058091 0.057416
0 0.348548 0.459330 0.049793 0.057416
0 0.302905 0.519139 0.049793 0.052632
0 0.643154 0.495215 0.049793 0.052632
0 0.582988 0.531100 0.045643 0.057416
0 0.730290 0.500000 0.041494 0.052632
0 0.778008 0.504785 0.045643 0.062201
0 0.831950 0.535885 0.045643 0.057416
0 0.842324 0.590909 0.049793 0.052632
0 0.773859 0.648325 0.045643 0.052632
0 0.877593 0.662679 0.053942 0.052632
0 0.692946 0.571770 0.049793 0.052632
0 0.603734 0.614833 0.037344 0.052632
0 0.815353 0.770335 0.045643 0.057416
0 0.846473 0.729665 0.033195 0.052632
0 0.730290 0.751196 0.049793 0.047847
0 0.757261 0.834928 0.045643 0.052632
0 0.695021 0.873206 0.045643 0.052632
0 0.647303 0.811005 0.058091 0.052632
0 0.338174 0.820574 0.045643 0.062201
0 0.261411 0.856459 0.058091 0.057416
0 0.300830 0.933014 0.045643 0.057416
0 0.373444 0.937799 0.049793 0.057416
