0 0.087719 0.649123 0.043860 0.035088
0 0.344298 0.546053 0.039474 0.039474
0 0.535088 0.302632 0.052632 0.043860
0 0.502193 0.344298 0.048246 0.039474
0 0.464912 0.381579 0.052632 0.043860
0 0.453947 0.434211 0.039474 0.035088
0 0.460526 0.467105 0.035088 0.048246
0 0.322368 0.592105 0.039474 0.035088
0 0.258772 0.622807 0.035088 0.035088
0 0.769737 0.565789 0.048246 0.043860
0 0.688596 0.631579 0.052632 0.035088
0 0.655702 0.651316 0.039474 0.039474
0 0.951754 0.594298 0.043860 0.030702
0 0.708333 0.745614 0.030702 0.035088
0 0.778509 0.706140 0.039474 0.035088
0 0.868421 0.743421 0.043860 0.039474
0 0.298246 0.813596 0.035088 0.048246
0 0.296053 0.679825 0.048246 0.035088
0 0.247807 0.675439 0.048246 0.043860
0 0.780702 0.396930 0.035088 0.039474
0 0.506579 0.449561 0.039474 0.048246
0 0.532895 0.407895 0.039474 0.035088
