0 0.171667 0.188660 0.056667 0.068041
0 0.265833 0.206186 0.045000 0.061856
0 0.265833 0.306186 0.058333 0.063918
0 0.488333 0.127835 0.043333 0.049485
0 0.505000 0.171134 0.053333 0.061856
0 0.411667 0.112371 0.046667 0.055670
0 0.370000 0.258763 0.063333 0.076289
0 0.401667 0.179381 0.046667 0.065979
0 0.189167 0.330928 0.048333 0.055670
0 0.113333 0.341237 0.056667 0.076289
0 0.140000 0.241237 0.060000 0.074227
0 0.181667 0.504124 0.056667 0.068041
0 0.335833 0.431959 0.068333 0.088660
0 0.440000 0.414433 0.070000 0.086598
0 0.574167 0.323711 0.058333 0.074227
0 0.637500 0.235052 0.045000 0.078351
0 0.682500 0.237113 0.048333 0.078351
0 0.732500 0.244330 0.061667 0.088660
0 0.787500 0.273196 0.051667 0.076289
0 0.536667 0.371134 0.053333 0.061856
0 0.525833 0.434021 0.045000 0.059794
0 0.687500 0.418557 0.051667 0.070103
0 0.820000 0.355670 0.060000 0.088660
0 0.856667 0.410309 0.053333 0.078351
0 0.673333 0.546392 0.050000 0.061856
0 0.516667 0.513402 0.066667 0.065979
0 0.406667 0.510309 0.070000 0.068041
0 0.410833 0.585567 0.065000 0.070103
0 0.332500 0.652577 0.061667 0.068041
0 0.374167 0.701031 0.055000 0.057732
0 0.518333 0.662887 0.043333 0.051546
0 0.190000 0.651546 0.053333 0.049485
0 0.216667 0.703093 0.053333 0.057732
0 0.297500 0.758763 0.055000 0.057732
0 0.349167 0.760825 0.055000 0.061856
0 0.414167 0.754639 0.038333 0.057732
0 0.487500 0.738144 0.058333 0.065979
0 0.392500 0.821649 0.061667 0.068041
0 0.666667 0.690722 0.073333 0.082474
0 0.758333 0.580412 0.063333 0.076289
0 0.840833 0.500000 0.061667 0.068041
0 0.809167 0.686598 0.061667 0.074227
0 0.872500 0.694845 0.058333 0.057732
0 0.900000 0.654639 0.050000 0.055670
0 0.857500 0.751546 0.048333 0.055670
0 0.790833 0.737113 0.058333 0.051546
0 0.771667 0.783505 0.073333 0.070103
0 0.719167 0.802062 0.061667 0.070103
0 0.664167 0.807216 0.058333 0.084536
0 0.596667 0.765979 0.073333 0.076289
0 0.505000 0.589691 0.063333 0.070103
0 0.221667 0.575258 0.063333 0.078351
