0 0.168860 0.232456 0.039474 0.043860
0 0.285088 0.166667 0.035088 0.035088
0 0.269737 0.186404 0.030702 0.030702
0 0.416667 0.247807 0.035088 0.048246
0 0.758772 0.217105 0.043860 0.039474
0 0.861842 0.307018 0.039474 0.043860
0 0.848684 0.390351 0.039474 0.043860
0 0.517544 0.324561 0.043860 0.052632
0 0.725877 0.309211 0.039474 0.039474
0 0.949561 0.377193 0.039474 0.052632
0 0.774123 0.381579 0.039474 0.043860
0 0.646930 0.392544 0.030702 0.039474
0 0.364035 0.331140 0.035088 0.039474
0 0.096491 0.410088 0.043860 0.039474
0 0.214912 0.416667 0.043860 0.052632
0 0.357456 0.460526 0.039474 0.035088
0 0.460526 0.394737 0.043860 0.043860
0 0.396930 0.379386 0.030702 0.030702
0 0.787281 0.473684 0.039474 0.052632
0 0.609649 0.423246 0.035088 0.039474
0 0.649123 0.552632 0.043860 0.035088
0 0.916667 0.592105 0.043860 0.043860
0 0.695175 0.625000 0.030702 0.039474
0 0.734649 0.640351 0.030702 0.035088
0 0.964912 0.714912 0.052632 0.052632
0 0.254386 0.502193 0.035088 0.030702
0 0.271930 0.548246 0.043860 0.043860
0 0.326754 0.521930 0.039474 0.035088
0 0.418860 0.528509 0.048246 0.048246
0 0.153509 0.585526 0.043860 0.048246
0 0.122807 0.458333 0.035088 0.039474
0 0.346491 0.695175 0.026316 0.048246
0 0.357456 0.730263 0.039474 0.030702
0 0.609649 0.833333 0.052632 0.052632
0 0.743421 0.846491 0.048246 0.043860
0 0.192982 0.714912 0.035088 0.043860
0 0.258772 0.791667 0.043860 0.039474
0 0.445175 0.835526 0.048246 0.039474
0 0.032895 0.708333 0.030702 0.039474
0 0.063596 0.721491 0.039474 0.039474
0 0.763158 0.594298 0.035088 0.039474
0 0.732456 0.708333 0.026316 0.030702
0 0.743421 0.739035 0.030702 0.039474
