0 0.156015 0.179894 0.041353 0.063492
0 0.103383 0.275132 0.048872 0.052910
0 0.159774 0.267196 0.041353 0.047619
0 0.218045 0.230159 0.037594 0.068783
0 0.308271 0.124339 0.052632 0.089947
0 0.402256 0.124339 0.052632 0.089947
0 0.370301 0.238095 0.056391 0.074074
0 0.176692 0.343915 0.045113 0.052910
0 0.137218 0.388889 0.048872 0.068783
0 0.214286 0.478836 0.060150 0.058201
0 0.325188 0.481481 0.048872 0.074074
0 0.250000 0.558201 0.048872 0.068783
0 0.421053 0.468254 0.052632 0.068783
0 0.483083 0.425926 0.048872 0.089947
0 0.593985 0.222222 0.052632 0.084656
0 0.522556 0.505291 0.052632 0.068783
0 0.413534 0.558201 0.060150 0.058201
0 0.723684 0.121693 0.041353 0.074074
0 0.804511 0.214286 0.052632 0.068783
0 0.838346 0.272487 0.060150 0.058201
0 0.672932 0.452381 0.052632 0.068783
0 0.712406 0.214286 0.033835 0.079365
0 0.800752 0.441799 0.045113 0.047619
0 0.860902 0.441799 0.045113 0.058201
0 0.883459 0.521164 0.045113 0.047619
0 0.609023 0.640212 0.060150 0.084656
0 0.687970 0.685185 0.060150 0.058201
0 0.742481 0.716931 0.048872 0.047619
0 0.466165 0.777778 0.060150 0.074074
0 0.304511 0.772487 0.060150 0.063492
0 0.550752 0.894180 0.048872 0.074074
0 0.421053 0.933862 0.052632 0.079365
0 0.328947 0.875661 0.056391 0.068783
0 0.368421 0.788360 0.045113 0.074074
0 0.695489 0.886243 0.045113 0.058201
0 0.646617 0.878307 0.030075 0.074074
0 0.750000 0.785714 0.048872 0.058201
