0 0.274262 0.312207 0.033755 0.051643
0 0.322785 0.321596 0.037975 0.061033
0 0.362869 0.321596 0.050633 0.070423
0 0.388186 0.384977 0.050633 0.046948
0 0.428270 0.436620 0.063291 0.065728
0 0.428270 0.504695 0.063291 0.061033
0 0.383966 0.561033 0.059072 0.061033
0 0.335443 0.582160 0.054852 0.065728
0 0.274262 0.544601 0.059072 0.065728
0 0.272152 0.615023 0.046414 0.056338
0 0.234177 0.387324 0.063291 0.051643
0 0.198312 0.427230 0.059072 0.056338
0 0.210970 0.521127 0.067511 0.065728
0 0.337553 0.460094 0.067511 0.056338
0 0.164557 0.467136 0.067511 0.051643
0 0.521097 0.295775 0.054852 0.046948
0 0.540084 0.342723 0.067511 0.056338
0 0.618143 0.359155 0.063291 0.070423
0 0.571730 0.164319 0.046414 0.056338
0 0.626582 0.157277 0.046414 0.070423
0 0.683544 0.124413 0.042194 0.051643
0 0.679325 0.171362 0.042194 0.042254
0 0.751055 0.119718 0.042194 0.051643
0 0.824895 0.176056 0.054852 0.042254
0 0.776371 0.197183 0.050633 0.037559
0 0.833333 0.237089 0.046414 0.042254
0 0.556962 0.208920 0.042194 0.032864
0 0.672996 0.223005 0.037975 0.061033
0 0.618143 0.232394 0.037975 0.070423
0 0.748945 0.237089 0.046414 0.061033
0 0.616034 0.431925 0.042194 0.065728
0 0.717300 0.363850 0.033755 0.032864
0 0.799578 0.330986 0.046414 0.061033
0 0.681435 0.441315 0.029536 0.037559
0 0.713080 0.462441 0.042194 0.051643
0 0.588608 0.600939 0.037975 0.056338
0 0.645570 0.711268 0.059072 0.042254
0 0.565401 0.741784 0.050633 0.037559
0 0.624473 0.821596 0.042194 0.046948
0 0.761603 0.877934 0.037975 0.037559
0 0.736287 0.908451 0.029536 0.051643
0 0.708861 0.920188 0.042194 0.046948
0 0.672996 0.922535 0.037975 0.042254
0 0.584388 0.910798 0.037975 0.056338
0 0.618143 0.901408 0.029536 0.056338
0 0.584388 0.870892 0.046414 0.042254
0 0.523207 0.849765 0.033755 0.037559
0 0.493671 0.823944 0.050633 0.042254
0 0.535865 0.776995 0.033755 0.042254
0 0.497890 0.774648 0.042194 0.046948
0 0.772152 0.823944 0.050633 0.042254
0 0.514768 0.683099 0.059072 0.042254
0 0.630802 0.596244 0.046414 0.056338
0 0.672996 0.596244 0.037975 0.056338
0 0.801688 0.650235 0.050633 0.042254
0 0.822785 0.685446 0.050633 0.037559
0 0.761603 0.647887 0.037975 0.037559
0 0.797468 0.758216 0.042194 0.042254
0 0.725738 0.603286 0.042194 0.051643
0 0.681435 0.800469 0.037975 0.042254
