0 0.166667 0.182018 0.035088 0.039474
0 0.109649 0.192982 0.035088 0.035088
0 0.116228 0.245614 0.039474 0.035088
0 0.177632 0.239035 0.030702 0.030702
0 0.243421 0.221491 0.048246 0.039474
0 0.050439 0.225877 0.030702 0.030702
0 0.206140 0.291667 0.035088 0.039474
0 0.160088 0.379386 0.039474 0.030702
0 0.046053 0.399123 0.039474 0.043860
0 0.155702 0.423246 0.030702 0.030702
0 0.688596 0.265351 0.043860 0.048246
0 0.631579 0.484649 0.035088 0.030702
0 0.616228 0.517544 0.030702 0.035088
0 0.692982 0.519737 0.035088 0.030702
0 0.660088 0.524123 0.030702 0.030702
0 0.657895 0.554825 0.026316 0.030702
0 0.675439 0.616228 0.052632 0.048246
0 0.563596 0.563596 0.030702 0.039474
0 0.600877 0.565789 0.035088 0.035088
0 0.627193 0.598684 0.035088 0.039474
0 0.133772 0.304825 0.030702 0.030702
0 0.026316 0.548246 0.043860 0.043860
0 0.114035 0.603070 0.043860 0.030702
0 0.111842 0.677632 0.039474 0.039474
0 0.664474 0.394737 0.039474 0.035088
0 0.050439 0.291667 0.030702 0.030702
