0 0.527311 0.228774 0.046218 0.051887
0 0.573529 0.186321 0.046218 0.051887
0 0.609244 0.132075 0.050420 0.056604
0 0.649160 0.103774 0.037815 0.056604
0 0.680672 0.141509 0.042017 0.047170
0 0.724790 0.115566 0.037815 0.042453
0 0.760504 0.139151 0.050420 0.051887
0 0.783613 0.186321 0.046218 0.051887
0 0.838235 0.235849 0.046218 0.066038
0 0.680672 0.207547 0.042017 0.047170
0 0.707983 0.264151 0.046218 0.056604
0 0.609244 0.252358 0.058824 0.051887
0 0.518908 0.290094 0.054622 0.061321
0 0.855042 0.297170 0.046218 0.047170
0 0.840336 0.334906 0.050420 0.047170
0 0.813025 0.372642 0.054622 0.056604
0 0.697479 0.332547 0.050420 0.051887
0 0.617647 0.356132 0.050420 0.051887
0 0.556723 0.360849 0.046218 0.061321
0 0.523109 0.363208 0.046218 0.066038
0 0.733193 0.405660 0.046218 0.056604
0 0.779412 0.455189 0.054622 0.051887
0 0.701681 0.478774 0.050420 0.051887
0 0.636555 0.462264 0.046218 0.056604
0 0.588235 0.431604 0.058824 0.051887
0 0.260504 0.535377 0.058824 0.051887
0 0.321429 0.544811 0.037815 0.051887
0 0.376050 0.561321 0.037815 0.056604
0 0.424370 0.584906 0.042017 0.047170
0 0.493697 0.667453 0.046218 0.061321
0 0.504202 0.740566 0.050420 0.066038
0 0.254202 0.620283 0.046218 0.051887
0 0.182773 0.646226 0.054622 0.066038
0 0.165966 0.716981 0.063025 0.075472
0 0.275210 0.742925 0.046218 0.061321
0 0.331933 0.653302 0.042017 0.051887
0 0.415966 0.683962 0.050420 0.047170
0 0.365546 0.766509 0.050420 0.061321
0 0.191176 0.794811 0.054622 0.061321
0 0.260504 0.849057 0.050420 0.066038
0 0.308824 0.882075 0.046218 0.047170
0 0.365546 0.875000 0.050420 0.061321
0 0.422269 0.884434 0.054622 0.061321
0 0.457983 0.825472 0.058824 0.066038
