0 0.203774 0.207895 0.037736 0.057895
0 0.213208 0.268421 0.049057 0.052632
0 0.120755 0.363158 0.037736 0.042105
0 0.145283 0.400000 0.033962 0.052632
0 0.173585 0.413158 0.030189 0.057895
0 0.094340 0.397368 0.037736 0.047368
0 0.077358 0.436842 0.033962 0.052632
0 0.205660 0.428947 0.033962 0.057895
0 0.101887 0.473684 0.037736 0.052632
0 0.081132 0.518421 0.033962 0.057895
0 0.230189 0.460526 0.052830 0.057895
0 0.247170 0.518421 0.041509 0.047368
0 0.211321 0.539474 0.045283 0.057895
0 0.149057 0.542105 0.049057 0.052632
0 0.079245 0.571053 0.037736 0.047368
0 0.098113 0.602632 0.037736 0.057895
0 0.158491 0.597368 0.030189 0.047368
0 0.245283 0.336842 0.045283 0.042105
0 0.262264 0.378947 0.033962 0.052632
0 0.296226 0.381579 0.033962 0.057895
0 0.326415 0.371053 0.033962 0.057895
0 0.354717 0.336842 0.030189 0.052632
0 0.375472 0.305263 0.033962 0.042105
0 0.384906 0.260526 0.037736 0.047368
0 0.377358 0.223684 0.030189 0.036842
0 0.358491 0.192105 0.037736 0.036842
0 0.360377 0.142105 0.033962 0.063158
0 0.230189 0.181579 0.037736 0.047368
0 0.269811 0.155263 0.033962 0.057895
0 0.298113 0.139474 0.022642 0.057895
0 0.328302 0.128947 0.037736 0.068421
0 0.343396 0.518421 0.037736 0.057895
0 0.379245 0.544737 0.026415 0.068421
0 0.411321 0.565789 0.037736 0.068421
0 0.313208 0.565789 0.045283 0.047368
0 0.286792 0.605263 0.045283 0.042105
0 0.283019 0.660526 0.045283 0.057895
0 0.443396 0.597368 0.026415 0.057895
0 0.469811 0.636842 0.033962 0.052632
0 0.454717 0.684211 0.049057 0.052632
0 0.445283 0.736842 0.052830 0.052632
0 0.424528 0.778947 0.041509 0.052632
0 0.392453 0.810526 0.045283 0.063158
0 0.362264 0.784211 0.045283 0.052632
0 0.573585 0.397368 0.037736 0.057895
0 0.566038 0.460526 0.037736 0.047368
0 0.596226 0.360526 0.030189 0.057895
0 0.639623 0.352632 0.041509 0.063158
0 0.618868 0.255263 0.030189 0.047368
0 0.692453 0.328947 0.026415 0.047368
0 0.715094 0.378947 0.041509 0.063158
0 0.749057 0.405263 0.041509 0.052632
0 0.735849 0.460526 0.045283 0.057895
0 0.605660 0.439474 0.041509 0.057895
0 0.790566 0.434211 0.033962 0.057895
0 0.822642 0.478947 0.045283 0.063158
0 0.756604 0.513158 0.033962 0.047368
0 0.581132 0.513158 0.045283 0.057895
0 0.620755 0.539474 0.041509 0.057895
0 0.658491 0.523684 0.033962 0.057895
0 0.575472 0.578947 0.041509 0.063158
0 0.554717 0.628947 0.037736 0.047368
0 0.592453 0.636842 0.037736 0.052632
0 0.566038 0.684211 0.052830 0.063158
0 0.677358 0.613158 0.033962 0.057895
0 0.722642 0.626316 0.033962 0.052632
0 0.696226 0.660526 0.033962 0.047368
0 0.786792 0.689474 0.033962 0.052632
0 0.784906 0.642105 0.030189 0.052632
0 0.754717 0.742105 0.030189 0.052632
0 0.728302 0.800000 0.045283 0.063158
0 0.579245 0.771053 0.033962 0.057895
0 0.837736 0.681579 0.030189 0.057895
0 0.613208 0.778947 0.041509 0.052632
0 0.845283 0.386842 0.030189 0.057895
0 0.726415 0.273684 0.033962 0.063158
0 0.886792 0.594737 0.037736 0.052632
0 0.690566 0.250000 0.037736 0.057895
