3 0.078431 0.209596 0.149020 0.257576
3 0.180392 0.229798 0.094118 0.207071
3 0.298039 0.123737 0.141176 0.237374
3 0.607843 0.123737 0.266667 0.237374
3 0.794118 0.219697 0.200000 0.166667
3 0.939216 0.351010 0.121569 0.308081
3 0.827451 0.419192 0.282353 0.252525
3 0.813725 0.810606 0.129412 0.338384
3 0.572549 0.404040 0.109804 0.383838
3 0.456863 0.484848 0.168627 0.333333
3 0.476471 0.729798 0.121569 0.378788
3 0.350980 0.444444 0.192157 0.252525
3 0.266667 0.482323 0.164706 0.297980
3 0.190196 0.659091 0.278431 0.126263
3 0.098039 0.845960 0.188235 0.267677
