3 0.114504 0.225389 0.091603 0.367876
3 0.215649 0.354922 0.141221 0.170984
3 0.324427 0.204663 0.129771 0.336788
3 0.448473 0.344560 0.156489 0.253886
3 0.683206 0.163212 0.206107 0.233161
3 0.729008 0.253886 0.167939 0.186528
3 0.843511 0.468912 0.122137 0.295337
3 0.667939 0.455959 0.091603 0.259067
3 0.765267 0.779793 0.194656 0.233161
3 0.885496 0.826425 0.206107 0.119171
3 0.412214 0.549223 0.129771 0.176166
3 0.166031 0.575130 0.225191 0.207254
3 0.192748 0.826425 0.209924 0.202073
3 0.368321 0.720207 0.125954 0.165803
3 0.490458 0.753886 0.209924 0.222798
3 0.551527 0.823834 0.164122 0.145078
