3 0.226908 0.217822 0.244980 0.257426
3 0.518072 0.314356 0.144578 0.509901
3 0.158635 0.641089 0.244980 0.242574
3 0.263052 0.581683 0.108434 0.242574
3 0.399598 0.806931 0.068273 0.297030
3 0.500000 0.735149 0.084337 0.232673
3 0.620482 0.799505 0.124498 0.252475
3 0.726908 0.168317 0.072289 0.178218
3 0.815261 0.180693 0.112450 0.163366
3 0.851406 0.301980 0.184739 0.108911
3 0.781124 0.759901 0.116466 0.153465
3 0.899598 0.700495 0.120482 0.123762
3 0.871486 0.574257 0.096386 0.128713
3 0.793173 0.613861 0.092369 0.118812
