3 0.049801 0.166667 0.091633 0.323383
3 0.312749 0.243781 0.131474 0.477612
3 0.219124 0.437811 0.254980 0.208955
3 0.213147 0.291045 0.147410 0.203980
3 0.500000 0.360697 0.250996 0.164179
3 0.681275 0.261194 0.119522 0.293532
3 0.898406 0.114428 0.131474 0.179104
3 0.806773 0.238806 0.099602 0.248756
3 0.758964 0.470149 0.099602 0.243781
3 0.890438 0.465174 0.187251 0.124378
3 0.623506 0.495025 0.179283 0.134328
3 0.332669 0.626866 0.115538 0.129353
3 0.083665 0.823383 0.143426 0.213930
3 0.374502 0.728856 0.159363 0.253731
3 0.930279 0.718905 0.075697 0.313433
3 0.934263 0.920398 0.131474 0.099502
3 0.625498 0.786070 0.215139 0.129353
3 0.593625 0.907960 0.231076 0.184080
3 0.735060 0.883085 0.179283 0.233831
3 0.456175 0.099502 0.155378 0.189055
3 0.103586 0.514925 0.111554 0.124378
3 0.063745 0.689055 0.119522 0.124378
