3 0.245443 0.289062 0.131510 0.160156
3 0.378906 0.325195 0.145833 0.201172
3 0.494141 0.416992 0.220052 0.130859
3 0.623047 0.315430 0.222656 0.138672
3 0.534505 0.106445 0.108073 0.130859
3 0.641927 0.126953 0.080729 0.203125
3 0.235677 0.477539 0.164062 0.189453
3 0.117188 0.815430 0.075521 0.275391
3 0.330078 0.817383 0.225260 0.224609
3 0.477865 0.672852 0.169271 0.216797
3 0.583984 0.700195 0.102865 0.310547
3 0.745443 0.544922 0.209635 0.117188
3 0.813802 0.430664 0.078125 0.251953
3 0.895182 0.258789 0.100260 0.162109
3 0.905599 0.714844 0.136719 0.101562
3 0.311849 0.925781 0.141927 0.089844
3 0.743490 0.370117 0.161458 0.158203
