3 0.100877 0.236842 0.122807 0.140351
3 0.072368 0.322368 0.118421 0.109649
3 0.372807 0.309211 0.228070 0.100877
3 0.324561 0.390351 0.166667 0.096491
3 0.186404 0.537281 0.188596 0.144737
3 0.177632 0.666667 0.144737 0.166667
3 0.333333 0.603070 0.122807 0.197368
3 0.394737 0.554825 0.114035 0.179825
3 0.480263 0.528509 0.092105 0.171053
3 0.576754 0.552632 0.109649 0.184211
3 0.671053 0.489035 0.157895 0.127193
3 0.646930 0.401316 0.171053 0.092105
3 0.539474 0.289474 0.175439 0.149123
3 0.618421 0.245614 0.201754 0.078947
3 0.728070 0.304825 0.210526 0.100877
3 0.839912 0.410088 0.100877 0.171053
3 0.934211 0.440789 0.096491 0.153509
3 0.789474 0.482456 0.096491 0.192982
3 0.723684 0.625000 0.087719 0.206140
3 0.942982 0.671053 0.114035 0.149123
3 0.326754 0.752193 0.179825 0.118421
