3 0.061198 0.301758 0.083333 0.095703
3 0.106120 0.443359 0.053385 0.144531
3 0.057292 0.551758 0.075521 0.099609
3 0.143229 0.336914 0.080729 0.087891
3 0.171875 0.482422 0.083333 0.101562
3 0.188151 0.574219 0.089844 0.105469
3 0.243490 0.431641 0.062500 0.109375
3 0.283854 0.408203 0.049479 0.105469
3 0.257161 0.510742 0.074219 0.103516
3 0.272786 0.597656 0.071615 0.093750
3 0.336589 0.407227 0.055990 0.130859
3 0.330729 0.495117 0.088542 0.103516
3 0.350911 0.590820 0.097656 0.103516
3 0.433594 0.614258 0.125000 0.099609
3 0.398438 0.458984 0.052083 0.136719
3 0.448568 0.482422 0.066406 0.175781
3 0.510417 0.476562 0.088542 0.140625
3 0.365885 0.354492 0.046875 0.130859
3 0.578776 0.482422 0.053385 0.125000
3 0.553385 0.583008 0.117188 0.107422
3 0.626302 0.547852 0.059896 0.115234
3 0.647786 0.460938 0.063802 0.109375
3 0.690104 0.499023 0.052083 0.134766
3 0.697266 0.608398 0.087240 0.095703
3 0.763021 0.422852 0.054688 0.103516
3 0.783203 0.549805 0.082031 0.244141
3 0.917318 0.469727 0.055990 0.134766
3 0.887370 0.544922 0.118490 0.105469
3 0.859375 0.575195 0.093750 0.158203
2 0.071615 0.400391 0.052083 0.113281
