3 0.647177 0.263547 0.125000 0.369458
3 0.794355 0.266010 0.120968 0.374384
3 0.032258 0.054187 0.048387 0.088670
3 0.032258 0.177340 0.056452 0.108374
3 0.068548 0.155172 0.032258 0.123153
3 0.231855 0.147783 0.044355 0.118227
3 0.274194 0.167488 0.072581 0.088670
3 0.177419 0.165025 0.072581 0.044335
3 0.187500 0.233990 0.068548 0.093596
3 0.193548 0.322660 0.064516 0.133005
3 0.122984 0.273399 0.068548 0.083744
3 0.056452 0.325123 0.072581 0.108374
3 0.052419 0.389163 0.096774 0.068966
3 0.403226 0.133005 0.040323 0.118227
3 0.362903 0.206897 0.048387 0.098522
3 0.479839 0.137931 0.048387 0.098522
3 0.493952 0.187192 0.052419 0.128079
3 0.441532 0.226601 0.068548 0.098522
3 0.463710 0.275862 0.056452 0.108374
3 0.530242 0.320197 0.052419 0.078818
3 0.282258 0.275862 0.088710 0.059113
3 0.272177 0.347291 0.044355 0.093596
3 0.322581 0.293103 0.072581 0.044335
3 0.336694 0.344828 0.084677 0.059113
3 0.399194 0.406404 0.088710 0.054187
3 0.512097 0.381773 0.080645 0.064039
3 0.451613 0.349754 0.072581 0.088670
3 0.485887 0.463054 0.076613 0.108374
3 0.262097 0.460591 0.040323 0.093596
3 0.282258 0.428571 0.032258 0.098522
3 0.318548 0.495074 0.048387 0.103448
3 0.245968 0.546798 0.072581 0.118227
3 0.048387 0.586207 0.048387 0.108374
3 0.133065 0.682266 0.048387 0.093596
3 0.062500 0.733990 0.084677 0.078818
3 0.114919 0.802956 0.092742 0.059113
3 0.147177 0.834975 0.108871 0.054187
3 0.036290 0.876847 0.064516 0.098522
3 0.227823 0.830049 0.060484 0.083744
3 0.247984 0.677340 0.076613 0.083744
3 0.377016 0.591133 0.044355 0.088670
3 0.340726 0.694581 0.044355 0.108374
3 0.379032 0.697044 0.056452 0.083744
3 0.421371 0.623153 0.052419 0.113300
3 0.449597 0.687192 0.068548 0.093596
3 0.514113 0.766010 0.076613 0.083744
3 0.495968 0.842365 0.104839 0.068966
3 0.457661 0.869458 0.100806 0.064039
3 0.455645 0.940887 0.064516 0.118227
3 0.274194 0.733990 0.048387 0.088670
3 0.288306 0.775862 0.076613 0.064039
2 0.122984 0.596059 0.044355 0.098522
