3 0.102273 0.259162 0.113636 0.141361
3 0.170455 0.371728 0.121212 0.146597
3 0.272727 0.240838 0.121212 0.146597
3 0.575758 0.327225 0.113636 0.277487
3 0.321970 0.413613 0.121212 0.136126
3 0.359848 0.479058 0.113636 0.130890
3 0.840909 0.308901 0.143939 0.136126
3 0.702652 0.604712 0.087121 0.298429
3 0.814394 0.714660 0.098485 0.246073
3 0.568182 0.709424 0.090909 0.287958
3 0.081439 0.578534 0.102273 0.183246
3 0.115530 0.759162 0.140152 0.146597
3 0.253788 0.693717 0.075758 0.204188
3 0.363636 0.693717 0.106061 0.162304
