1 0.240566 0.425287 0.103774 0.160920
1 0.603774 0.114943 0.094340 0.137931
1 0.556604 0.160920 0.094340 0.114943
1 0.495283 0.218391 0.103774 0.114943
1 0.698113 0.120690 0.075472 0.126437
1 0.759434 0.189655 0.122642 0.103448
1 0.778302 0.310345 0.103774 0.137931
1 0.514151 0.316092 0.084906 0.080460
1 0.533019 0.356322 0.066038 0.068966
1 0.584906 0.442529 0.094340 0.126437
1 0.683962 0.488506 0.066038 0.126437
1 0.750000 0.448276 0.084906 0.114943
1 0.339623 0.425287 0.094340 0.137931
1 0.169811 0.500000 0.113208 0.103448
1 0.136792 0.655172 0.122642 0.114943
1 0.155660 0.724138 0.084906 0.137931
1 0.245283 0.833333 0.132075 0.149425
1 0.466981 0.775862 0.103774 0.126437
1 0.495283 0.678161 0.103774 0.091954
1 0.462264 0.586207 0.113208 0.160920
