1 0.185259 0.420398 0.027888 0.044776
1 0.205179 0.447761 0.019920 0.039801
1 0.229084 0.462687 0.019920 0.039801
1 0.254980 0.457711 0.031873 0.039801
1 0.249004 0.315920 0.027888 0.034826
1 0.219124 0.353234 0.031873 0.039801
1 0.276892 0.335821 0.027888 0.034826
1 0.235060 0.395522 0.031873 0.044776
1 0.336653 0.330846 0.035857 0.044776
1 0.577689 0.248756 0.031873 0.049751
1 0.515936 0.435323 0.027888 0.044776
1 0.535857 0.450249 0.027888 0.044776
1 0.559761 0.450249 0.027888 0.044776
1 0.585657 0.450249 0.031873 0.044776
1 0.643426 0.266169 0.035857 0.044776
1 0.609562 0.258706 0.039841 0.049751
1 0.507968 0.296020 0.035857 0.044776
1 0.535857 0.261194 0.035857 0.044776
1 0.496016 0.343284 0.043825 0.049751
1 0.685259 0.629353 0.047809 0.044776
1 0.830677 0.656716 0.027888 0.029851
1 0.717131 0.766169 0.031873 0.039801
1 0.745020 0.788557 0.023904 0.034826
1 0.792829 0.601990 0.031873 0.039801
1 0.617530 0.427861 0.031873 0.039801
1 0.376494 0.751244 0.035857 0.049751
