1 0.597518 0.256983 0.074468 0.089385
1 0.574468 0.337989 0.078014 0.094972
1 0.556738 0.455307 0.056738 0.061453
1 0.645390 0.220670 0.063830 0.117318
1 0.686170 0.189944 0.039007 0.100559
1 0.723404 0.201117 0.035461 0.122905
1 0.762411 0.223464 0.049645 0.111732
1 0.799645 0.245810 0.053191 0.078212
1 0.849291 0.312849 0.053191 0.089385
1 0.881206 0.460894 0.074468 0.061453
1 0.879433 0.516760 0.063830 0.061453
1 0.863475 0.564246 0.060284 0.067039
1 0.851064 0.631285 0.078014 0.078212
1 0.843972 0.689944 0.063830 0.072626
1 0.829787 0.762570 0.049645 0.083799
1 0.540780 0.541899 0.060284 0.055866
1 0.551418 0.592179 0.074468 0.055866
1 0.558511 0.667598 0.060284 0.072626
1 0.583333 0.709497 0.060284 0.078212
1 0.622340 0.731844 0.046099 0.100559
1 0.666667 0.798883 0.063830 0.111732
1 0.109929 0.377095 0.078014 0.106145
1 0.092199 0.458101 0.085106 0.089385
1 0.092199 0.541899 0.063830 0.078212
1 0.127660 0.606145 0.056738 0.106145
1 0.402482 0.530726 0.088652 0.089385
1 0.368794 0.374302 0.056738 0.089385
1 0.269504 0.265363 0.049645 0.117318
1 0.216312 0.259777 0.056738 0.128492
1 0.152482 0.324022 0.049645 0.078212
1 0.398936 0.600559 0.067376 0.083799
