1 0.640816 0.165049 0.032653 0.048544
1 0.665306 0.157767 0.032653 0.053398
1 0.612245 0.177184 0.032653 0.043689
1 0.753061 0.223301 0.028571 0.048544
1 0.775510 0.245146 0.032653 0.043689
1 0.783673 0.286408 0.032653 0.038835
1 0.789796 0.317961 0.036735 0.033981
1 0.779592 0.344660 0.032653 0.038835
1 0.761224 0.366505 0.036735 0.043689
1 0.246939 0.213592 0.036735 0.038835
1 0.283673 0.186893 0.036735 0.043689
1 0.314286 0.199029 0.024490 0.038835
1 0.348980 0.189320 0.028571 0.038835
1 0.383673 0.228155 0.040816 0.048544
1 0.367347 0.259709 0.032653 0.033981
1 0.228571 0.339806 0.032653 0.048544
1 0.391837 0.339806 0.040816 0.048544
1 0.377551 0.364078 0.036735 0.038835
1 0.367347 0.398058 0.040816 0.048544
1 0.336735 0.405340 0.036735 0.053398
1 0.304082 0.410194 0.036735 0.043689
1 0.269388 0.419903 0.032653 0.043689
1 0.244898 0.405340 0.024490 0.043689
1 0.371429 0.584951 0.032653 0.043689
1 0.216327 0.604369 0.048980 0.043689
1 0.291837 0.609223 0.028571 0.053398
1 0.265306 0.611650 0.032653 0.048544
1 0.400000 0.679612 0.032653 0.048544
1 0.210204 0.696602 0.044898 0.043689
1 0.210204 0.728155 0.044898 0.038835
1 0.391837 0.725728 0.040816 0.043689
1 0.371429 0.747573 0.032653 0.038835
1 0.357143 0.776699 0.036735 0.048544
1 0.330612 0.788835 0.040816 0.043689
1 0.259184 0.786408 0.036735 0.058252
1 0.293878 0.781553 0.040816 0.048544
1 0.216327 0.752427 0.040816 0.038835
1 0.753061 0.400485 0.028571 0.043689
1 0.720408 0.402913 0.036735 0.048544
1 0.681633 0.254854 0.032653 0.043689
1 0.304082 0.723301 0.044898 0.038835
1 0.585714 0.342233 0.028571 0.043689
1 0.559184 0.383495 0.040816 0.038835
1 0.595918 0.410194 0.032653 0.043689
1 0.651020 0.393204 0.028571 0.048544
1 0.636735 0.322816 0.032653 0.043689
1 0.677551 0.546117 0.024490 0.053398
1 0.751020 0.621359 0.040816 0.048544
1 0.679592 0.614078 0.036735 0.043689
1 0.544898 0.677184 0.036735 0.043689
1 0.557143 0.643204 0.036735 0.053398
1 0.767347 0.648058 0.040816 0.043689
1 0.775510 0.701456 0.032653 0.043689
1 0.775510 0.742718 0.032653 0.038835
1 0.710204 0.798544 0.032653 0.043689
1 0.693878 0.718447 0.032653 0.038835
1 0.628571 0.660194 0.032653 0.038835
1 0.626531 0.626214 0.036735 0.038835
1 0.610204 0.567961 0.036735 0.038835
1 0.648980 0.546117 0.032653 0.043689
1 0.671429 0.662621 0.036735 0.043689
1 0.679592 0.361650 0.036735 0.043689
1 0.648980 0.208738 0.032653 0.038835
