1 0.363985 0.248705 0.030651 0.051813
1 0.350575 0.277202 0.042146 0.046632
1 0.333333 0.316062 0.045977 0.041451
1 0.319923 0.349741 0.034483 0.046632
1 0.300766 0.373057 0.042146 0.041451
1 0.302682 0.414508 0.045977 0.051813
1 0.310345 0.453368 0.038314 0.046632
1 0.335249 0.494819 0.042146 0.056995
1 0.379310 0.515544 0.038314 0.056995
1 0.296935 0.512953 0.042146 0.062176
1 0.295019 0.564767 0.038314 0.062176
1 0.375479 0.329016 0.038314 0.046632
1 0.358238 0.354922 0.042146 0.036269
1 0.362069 0.396373 0.034483 0.056995
1 0.392720 0.398964 0.026820 0.051813
1 0.432950 0.398964 0.045977 0.051813
1 0.415709 0.437824 0.034483 0.056995
1 0.482759 0.316062 0.038314 0.051813
1 0.561303 0.259067 0.034483 0.062176
1 0.590038 0.253886 0.022989 0.072539
1 0.620690 0.266839 0.030651 0.046632
1 0.624521 0.305699 0.030651 0.051813
1 0.662835 0.305699 0.038314 0.051813
1 0.678161 0.336788 0.038314 0.051813
1 0.685824 0.378238 0.045977 0.051813
1 0.701149 0.448187 0.038314 0.056995
1 0.607280 0.354922 0.042146 0.046632
1 0.547893 0.323834 0.045977 0.056995
1 0.482759 0.453368 0.038314 0.046632
1 0.636015 0.453368 0.038314 0.036269
1 0.628352 0.474093 0.030651 0.046632
1 0.664751 0.479275 0.034483 0.046632
1 0.662835 0.525907 0.030651 0.056995
1 0.697318 0.544041 0.038314 0.051813
1 0.693487 0.590674 0.045977 0.051813
1 0.628352 0.554404 0.045977 0.041451
1 0.319923 0.624352 0.034483 0.056995
1 0.383142 0.629534 0.038314 0.046632
1 0.413793 0.686528 0.030651 0.046632
1 0.450192 0.686528 0.042146 0.046632
1 0.475096 0.665803 0.030651 0.046632
1 0.565134 0.606218 0.042146 0.041451
1 0.471264 0.525907 0.038314 0.046632
1 0.484674 0.562176 0.034483 0.046632
1 0.559387 0.645078 0.030651 0.046632
1 0.444444 0.632124 0.038314 0.041451
1 0.645594 0.619171 0.042146 0.046632
1 0.639847 0.655440 0.030651 0.036269
1 0.488506 0.766839 0.034483 0.051813
1 0.567050 0.727979 0.030651 0.056995
1 0.613027 0.769430 0.038314 0.056995
1 0.622605 0.707254 0.026820 0.056995
1 0.662835 0.694301 0.038314 0.051813
1 0.507663 0.639896 0.034483 0.056995
1 0.409962 0.730570 0.038314 0.051813
