1 0.251866 0.297872 0.026119 0.042553
1 0.264925 0.337766 0.022388 0.037234
1 0.292910 0.348404 0.026119 0.037234
1 0.373134 0.271277 0.022388 0.053191
1 0.296642 0.300532 0.026119 0.047872
1 0.229478 0.303191 0.026119 0.042553
1 0.205224 0.319149 0.029851 0.042553
1 0.192164 0.351064 0.033582 0.042553
1 0.231343 0.356383 0.022388 0.031915
1 0.223881 0.388298 0.029851 0.042553
1 0.348881 0.388298 0.026119 0.031915
1 0.313433 0.417553 0.029851 0.037234
1 0.253731 0.473404 0.022388 0.042553
1 0.277985 0.489362 0.026119 0.042553
1 0.333955 0.462766 0.033582 0.042553
1 0.339552 0.500000 0.029851 0.042553
1 0.397388 0.364362 0.026119 0.037234
1 0.402985 0.406915 0.037313 0.037234
1 0.404851 0.433511 0.026119 0.037234
1 0.389925 0.478723 0.033582 0.042553
1 0.184701 0.444149 0.026119 0.037234
1 0.192164 0.468085 0.026119 0.042553
1 0.177239 0.515957 0.033582 0.042553
1 0.158582 0.537234 0.026119 0.042553
1 0.207090 0.587766 0.026119 0.037234
1 0.180970 0.585106 0.026119 0.031915
1 0.158582 0.646277 0.026119 0.047872
1 0.259328 0.683511 0.033582 0.047872
1 0.315299 0.587766 0.026119 0.047872
1 0.365672 0.603723 0.029851 0.047872
1 0.302239 0.726064 0.029851 0.047872
1 0.371269 0.704787 0.026119 0.047872
1 0.190299 0.648936 0.029851 0.042553
1 0.425373 0.539894 0.029851 0.047872
1 0.391791 0.521277 0.029851 0.042553
1 0.292910 0.670213 0.033582 0.042553
1 0.557836 0.343085 0.026119 0.047872
1 0.582090 0.319149 0.029851 0.042553
1 0.613806 0.311170 0.026119 0.047872
1 0.641791 0.303191 0.029851 0.063830
1 0.705224 0.287234 0.022388 0.042553
1 0.578358 0.393617 0.029851 0.042553
1 0.791045 0.351064 0.029851 0.053191
1 0.544776 0.507979 0.022388 0.047872
1 0.526119 0.542553 0.029851 0.042553
1 0.632463 0.742021 0.026119 0.047872
1 0.779851 0.497340 0.037313 0.047872
1 0.779851 0.688830 0.029851 0.037234
1 0.740672 0.704787 0.026119 0.037234
1 0.733209 0.755319 0.033582 0.042553
1 0.688433 0.744681 0.033582 0.053191
1 0.602612 0.702128 0.026119 0.042553
1 0.582090 0.494681 0.029851 0.042553
1 0.805970 0.457447 0.037313 0.053191
1 0.555970 0.630319 0.022388 0.037234
