1 0.296992 0.363158 0.037594 0.063158
1 0.336466 0.357895 0.041353 0.063158
1 0.390977 0.402632 0.045113 0.057895
1 0.419173 0.460526 0.033835 0.057895
1 0.370301 0.515789 0.048872 0.063158
1 0.400376 0.552632 0.033835 0.042105
1 0.404135 0.626316 0.033835 0.063158
1 0.244361 0.400000 0.045113 0.052632
1 0.229323 0.457895 0.037594 0.052632
1 0.234962 0.555263 0.041353 0.068421
1 0.366541 0.655263 0.041353 0.068421
1 0.263158 0.665789 0.030075 0.057895
1 0.289474 0.676316 0.030075 0.047368
1 0.278195 0.505263 0.037594 0.063158
1 0.330827 0.678947 0.022556 0.052632
1 0.674812 0.368421 0.033835 0.063158
1 0.633459 0.376316 0.041353 0.047368
1 0.605263 0.423684 0.030075 0.057895
1 0.584586 0.494737 0.026316 0.052632
1 0.699248 0.481579 0.030075 0.047368
1 0.718045 0.592105 0.030075 0.047368
1 0.610902 0.507895 0.026316 0.047368
1 0.575188 0.560526 0.045113 0.047368
1 0.578947 0.589474 0.045113 0.042105
1 0.556391 0.607895 0.030075 0.047368
1 0.614662 0.644737 0.026316 0.047368
1 0.637218 0.657895 0.026316 0.042105
1 0.597744 0.673684 0.030075 0.042105
1 0.695489 0.663158 0.030075 0.052632
1 0.703008 0.413158 0.030075 0.047368
