1 0.212264 0.310345 0.103774 0.114943
1 0.150943 0.402299 0.113208 0.114943
1 0.259434 0.465517 0.084906 0.103448
1 0.245283 0.586207 0.094340 0.114943
1 0.334906 0.591954 0.084906 0.103448
1 0.363208 0.431034 0.122642 0.126437
1 0.702830 0.304598 0.103774 0.126437
1 0.617925 0.367816 0.103774 0.114943
1 0.617925 0.477011 0.122642 0.149425
1 0.896226 0.701149 0.113208 0.137931
1 0.797170 0.718391 0.103774 0.103448
1 0.646226 0.591954 0.103774 0.126437
1 0.320755 0.718391 0.094340 0.103448
1 0.853774 0.367816 0.103774 0.114943
1 0.632075 0.706897 0.075472 0.103448
1 0.424528 0.712644 0.094340 0.114943
