2 0.076172 0.322335 0.144531 0.177665
2 0.212891 0.279188 0.152344 0.162437
2 0.361328 0.241117 0.152344 0.167513
2 0.503906 0.200508 0.164062 0.167513
2 0.650391 0.164975 0.152344 0.167513
2 0.789062 0.126904 0.140625 0.152284
2 0.925781 0.111675 0.148438 0.162437
2 0.128906 0.515228 0.148438 0.147208
2 0.271484 0.489848 0.144531 0.137056
2 0.410156 0.477157 0.140625 0.142132
2 0.542969 0.454315 0.140625 0.137056
2 0.679688 0.431472 0.125000 0.152284
2 0.806641 0.413706 0.128906 0.137056
2 0.929688 0.403553 0.140625 0.147208
2 0.234375 0.814721 0.156250 0.167513
2 0.369141 0.766497 0.136719 0.152284
2 0.492188 0.730964 0.132812 0.152284
2 0.621094 0.692893 0.140625 0.157360
2 0.761719 0.657360 0.148438 0.157360
2 0.892578 0.626904 0.121094 0.167513
