2 0.912393 0.167442 0.064103 0.074419
2 0.720085 0.132558 0.055556 0.060465
2 0.688034 0.183721 0.059829 0.060465
2 0.655983 0.234884 0.055556 0.060465
2 0.623932 0.283721 0.068376 0.065116
2 0.598291 0.332558 0.059829 0.060465
2 0.566239 0.386047 0.064103 0.065116
2 0.128205 0.393023 0.076923 0.069767
2 0.194444 0.339535 0.064103 0.065116
2 0.457265 0.072093 0.076923 0.079070
2 0.081197 0.920930 0.085470 0.083721
2 0.155983 0.872093 0.089744 0.079070
2 0.247863 0.809302 0.076923 0.083721
2 0.316239 0.732558 0.059829 0.069767
2 0.388889 0.639535 0.068376 0.088372
2 0.878205 0.265116 0.072650 0.074419
2 0.858974 0.327907 0.068376 0.069767
2 0.831197 0.397674 0.064103 0.079070
2 0.805556 0.462791 0.072650 0.069767
2 0.779915 0.532558 0.064103 0.079070
2 0.702991 0.679070 0.055556 0.065116
2 0.660256 0.751163 0.072650 0.069767
2 0.615385 0.844186 0.051282 0.069767
2 0.589744 0.876744 0.051282 0.060465
2 0.636752 0.800000 0.051282 0.065116
2 0.495726 0.497674 0.059829 0.083721
