2 0.295455 0.876963 0.090909 0.120419
2 0.367424 0.806283 0.098485 0.125654
2 0.437500 0.732984 0.102273 0.125654
2 0.513258 0.667539 0.094697 0.130890
2 0.594697 0.591623 0.106061 0.115183
2 0.672348 0.523560 0.102273 0.125654
2 0.742424 0.447644 0.098485 0.109948
2 0.818182 0.382199 0.090909 0.115183
2 0.895833 0.314136 0.094697 0.136126
2 0.960227 0.248691 0.079545 0.120419
2 0.446970 0.429319 0.075758 0.115183
2 0.382576 0.481675 0.098485 0.115183
2 0.303030 0.554974 0.106061 0.125654
2 0.223485 0.617801 0.098485 0.125654
2 0.037879 0.780105 0.068182 0.115183
2 0.083333 0.732984 0.060606 0.094241
2 0.149621 0.675393 0.094697 0.125654
2 0.505682 0.384817 0.087121 0.109948
2 0.581439 0.327225 0.094697 0.120419
2 0.653409 0.261780 0.102273 0.125654
