2 0.423246 0.162281 0.065789 0.061404
2 0.467105 0.188596 0.057018 0.070175
2 0.519737 0.225877 0.065789 0.074561
2 0.561404 0.258772 0.061404 0.070175
2 0.809211 0.302632 0.074561 0.070175
2 0.853070 0.348684 0.065789 0.074561
2 0.899123 0.405702 0.061404 0.083333
2 0.936404 0.447368 0.074561 0.078947
2 0.611842 0.293860 0.065789 0.078947
2 0.460526 0.478070 0.096491 0.096491
2 0.546053 0.513158 0.092105 0.078947
2 0.826754 0.539474 0.083333 0.078947
2 0.879386 0.576754 0.065789 0.065789
2 0.925439 0.614035 0.070175 0.078947
2 0.828947 0.796053 0.070175 0.083333
2 0.896930 0.815789 0.083333 0.078947
2 0.307018 0.776316 0.096491 0.070175
2 0.664474 0.333333 0.057018 0.061404
2 0.214912 0.756579 0.096491 0.074561
