2 0.091241 0.165761 0.124088 0.190217
2 0.211679 0.217391 0.131387 0.195652
2 0.326642 0.274457 0.127737 0.211957
2 0.447080 0.320652 0.127737 0.217391
2 0.558394 0.375000 0.138686 0.206522
2 0.678832 0.429348 0.131387 0.217391
2 0.799270 0.489130 0.131387 0.184783
2 0.910584 0.554348 0.149635 0.206522
2 0.063869 0.426630 0.120438 0.201087
2 0.180657 0.464674 0.135036 0.190217
2 0.295620 0.513587 0.131387 0.190217
2 0.412409 0.567935 0.131387 0.201087
2 0.531022 0.619565 0.127737 0.195652
2 0.649635 0.676630 0.138686 0.211957
2 0.768248 0.741848 0.127737 0.211957
2 0.881387 0.796196 0.149635 0.190217
