2 0.209559 0.216216 0.117647 0.172973
2 0.323529 0.210811 0.125000 0.183784
2 0.431985 0.194595 0.106618 0.172973
2 0.540441 0.186486 0.125000 0.189189
2 0.654412 0.172973 0.117647 0.194595
2 0.762868 0.145946 0.136029 0.183784
2 0.229779 0.545946 0.150735 0.216216
2 0.349265 0.508108 0.125000 0.194595
2 0.459559 0.486486 0.125000 0.205405
2 0.568015 0.483784 0.113971 0.200000
2 0.680147 0.470270 0.125000 0.194595
2 0.803309 0.456757 0.136029 0.189189
2 0.213235 0.810811 0.125000 0.162162
2 0.330882 0.797297 0.117647 0.167568
2 0.446691 0.789189 0.121324 0.140541
2 0.562500 0.791892 0.125000 0.145946
2 0.681985 0.797297 0.113971 0.167568
2 0.797794 0.808108 0.125000 0.167568
