2 0.311808 0.067204 0.114391 0.123656
2 0.400369 0.163978 0.121771 0.166667
2 0.492620 0.274194 0.121771 0.182796
2 0.583026 0.392473 0.125461 0.182796
2 0.671587 0.505376 0.118081 0.172043
2 0.758303 0.623656 0.114391 0.172043
2 0.843173 0.736559 0.129151 0.182796
2 0.931734 0.860215 0.129151 0.182796
2 0.136531 0.180108 0.103321 0.155914
2 0.166052 0.327957 0.095941 0.172043
2 0.201107 0.481183 0.092251 0.166667
2 0.238007 0.626344 0.092251 0.166667
2 0.273063 0.760753 0.110701 0.155914
2 0.300738 0.908602 0.107011 0.161290
