2 0.129386 0.265351 0.048246 0.065789
2 0.153509 0.335526 0.052632 0.074561
2 0.271930 0.467105 0.070175 0.057018
2 0.337719 0.482456 0.061404 0.061404
2 0.401316 0.497807 0.065789 0.065789
2 0.478070 0.497807 0.070175 0.065789
2 0.550439 0.486842 0.065789 0.070175
2 0.627193 0.480263 0.078947 0.057018
2 0.710526 0.458333 0.087719 0.074561
2 0.807018 0.436404 0.078947 0.057018
2 0.896930 0.410088 0.083333 0.065789
2 0.837719 0.350877 0.078947 0.052632
2 0.506579 0.162281 0.048246 0.061404
2 0.223684 0.622807 0.070175 0.061404
2 0.967105 0.388158 0.057018 0.074561
2 0.296053 0.603070 0.074561 0.057018
2 0.375000 0.587719 0.083333 0.061404
2 0.456140 0.572368 0.061404 0.048246
2 0.532895 0.567982 0.092105 0.048246
2 0.692982 0.570175 0.070175 0.052632
2 0.622807 0.565789 0.070175 0.052632
2 0.763158 0.572368 0.061404 0.048246
2 0.831140 0.578947 0.065789 0.061404
2 0.912281 0.600877 0.061404 0.052632
2 0.497807 0.254386 0.057018 0.096491
2 0.592105 0.662281 0.070175 0.052632
