2 0.110000 0.729911 0.040000 0.058036
2 0.150000 0.747768 0.040000 0.058036
2 0.250000 0.785714 0.053333 0.062500
2 0.298333 0.781250 0.043333 0.053571
2 0.531667 0.665179 0.043333 0.053571
2 0.496667 0.685268 0.040000 0.049107
2 0.461667 0.703125 0.036667 0.049107
2 0.500000 0.504464 0.053333 0.053571
2 0.546667 0.502232 0.040000 0.049107
2 0.588333 0.500000 0.050000 0.053571
2 0.673333 0.484375 0.053333 0.049107
2 0.888333 0.475446 0.043333 0.066964
2 0.918333 0.524554 0.036667 0.066964
2 0.891667 0.627232 0.056667 0.049107
2 0.973333 0.616071 0.040000 0.062500
2 0.755000 0.604911 0.050000 0.066964
2 0.713333 0.674107 0.046667 0.080357
2 0.315000 0.493304 0.050000 0.075893
2 0.348333 0.433036 0.056667 0.062500
2 0.373333 0.370536 0.040000 0.071429
2 0.410000 0.348214 0.046667 0.053571
2 0.503333 0.388393 0.053333 0.062500
2 0.548333 0.408482 0.043333 0.058036
2 0.500000 0.328125 0.053333 0.049107
2 0.558333 0.332589 0.063333 0.049107
2 0.620000 0.325893 0.060000 0.053571
2 0.891667 0.350446 0.050000 0.058036
2 0.851667 0.379464 0.043333 0.062500
2 0.956667 0.462054 0.046667 0.058036
2 0.710000 0.281250 0.053333 0.053571
2 0.911667 0.274554 0.050000 0.049107
2 0.861667 0.281250 0.050000 0.044643
2 0.756667 0.285714 0.040000 0.044643
2 0.930000 0.033482 0.060000 0.058036
2 0.815000 0.486607 0.063333 0.044643
2 0.416667 0.725446 0.053333 0.049107
2 0.945000 0.564732 0.043333 0.066964
2 0.455000 0.321429 0.043333 0.062500
2 0.660000 0.274554 0.053333 0.058036
