2 0.210000 0.130872 0.080000 0.087248
2 0.271667 0.196309 0.083333 0.083893
2 0.306667 0.645973 0.060000 0.070470
2 0.276667 0.708054 0.053333 0.080537
2 0.325000 0.763423 0.070000 0.070470
2 0.310000 0.818792 0.066667 0.060403
2 0.385000 0.820470 0.083333 0.083893
2 0.161667 0.835570 0.076667 0.073826
2 0.623333 0.516779 0.093333 0.080537
2 0.685000 0.473154 0.070000 0.073826
2 0.766667 0.320470 0.053333 0.090604
2 0.523333 0.295302 0.073333 0.080537
2 0.690000 0.276846 0.093333 0.070470
2 0.591667 0.228188 0.110000 0.067114
2 0.501667 0.229866 0.076667 0.070470
2 0.421667 0.223154 0.103333 0.083893
2 0.340000 0.560403 0.080000 0.100671
2 0.426667 0.664430 0.073333 0.093960
2 0.373333 0.724832 0.066667 0.067114
2 0.378333 0.471477 0.070000 0.097315
2 0.790000 0.206376 0.080000 0.070470
2 0.818333 0.275168 0.070000 0.067114
