2 0.450000 0.135556 0.040000 0.057778
2 0.596667 0.131111 0.046667 0.057778
2 0.641667 0.104444 0.063333 0.066667
2 0.406667 0.131111 0.053333 0.057778
2 0.315000 0.202222 0.050000 0.075556
2 0.345000 0.255556 0.043333 0.066667
2 0.036667 0.086667 0.060000 0.057778
2 0.068333 0.057778 0.043333 0.053333
2 0.103333 0.033333 0.046667 0.057778
2 0.070000 0.373333 0.033333 0.053333
2 0.145000 0.428889 0.036667 0.066667
2 0.180000 0.431111 0.040000 0.071111
2 0.238333 0.455556 0.043333 0.057778
2 0.276667 0.457778 0.040000 0.053333
2 0.315000 0.471111 0.050000 0.062222
2 0.353333 0.477778 0.033333 0.057778
2 0.438333 0.502222 0.043333 0.053333
2 0.560000 0.528889 0.040000 0.053333
2 0.648333 0.535556 0.043333 0.057778
2 0.686667 0.540000 0.033333 0.057778
2 0.720000 0.540000 0.040000 0.057778
2 0.866667 0.562222 0.040000 0.057778
2 0.906667 0.566667 0.040000 0.057778
2 0.946667 0.580000 0.040000 0.066667
2 0.933333 0.088889 0.053333 0.053333
2 0.965000 0.106667 0.043333 0.053333
2 0.826667 0.037778 0.060000 0.066667
2 0.966667 0.422222 0.040000 0.053333
2 0.920000 0.466667 0.060000 0.071111
2 0.983333 0.595556 0.033333 0.062222
2 0.648333 0.640000 0.050000 0.088889
2 0.686667 0.711111 0.053333 0.080000
2 0.726667 0.753333 0.040000 0.066667
2 0.750000 0.782222 0.040000 0.053333
2 0.783333 0.808889 0.033333 0.053333
2 0.808333 0.842222 0.036667 0.048889
2 0.835000 0.871111 0.043333 0.053333
2 0.941667 0.853333 0.036667 0.053333
2 0.953333 0.797778 0.040000 0.066667
2 0.970000 0.742222 0.046667 0.062222
2 0.983333 0.688889 0.033333 0.062222
2 0.760000 0.613333 0.040000 0.062222
2 0.808333 0.604444 0.050000 0.062222
2 0.333333 0.682222 0.040000 0.048889
2 0.318333 0.742222 0.043333 0.071111
2 0.295000 0.793333 0.036667 0.057778
2 0.315000 0.844444 0.043333 0.044444
2 0.338333 0.808889 0.036667 0.053333
2 0.361667 0.775556 0.036667 0.048889
2 0.381667 0.737778 0.036667 0.053333
2 0.406667 0.697778 0.040000 0.062222
2 0.425000 0.660000 0.043333 0.057778
2 0.448333 0.620000 0.043333 0.057778
2 0.465000 0.577778 0.030000 0.062222
2 0.025000 0.311111 0.036667 0.062222
2 0.386667 0.373333 0.046667 0.053333
2 0.488333 0.548889 0.043333 0.048889
