2 0.330000 0.447699 0.066667 0.083682
2 0.398333 0.462343 0.070000 0.071130
2 0.451667 0.495816 0.050000 0.087866
2 0.488333 0.529289 0.043333 0.079498
2 0.526667 0.571130 0.060000 0.087866
2 0.920000 0.757322 0.060000 0.075314
2 0.885000 0.794979 0.043333 0.050209
2 0.860000 0.834728 0.040000 0.062762
2 0.910000 0.838912 0.053333 0.062762
2 0.561667 0.615063 0.043333 0.066946
2 0.593333 0.650628 0.046667 0.071130
2 0.765000 0.797071 0.043333 0.062762
2 0.805000 0.811715 0.050000 0.066946
2 0.301667 0.364017 0.050000 0.050209
2 0.281667 0.305439 0.050000 0.058577
2 0.261667 0.248954 0.050000 0.062762
2 0.206667 0.127615 0.053333 0.071130
2 0.233333 0.194561 0.053333 0.062762
2 0.673333 0.728033 0.066667 0.075314
2 0.635000 0.682008 0.056667 0.066946
2 0.718333 0.774059 0.056667 0.075314
2 0.948333 0.847280 0.036667 0.054393
