2 0.450000 0.583333 0.066667 0.138889
2 0.415000 0.467593 0.070000 0.120370
2 0.368333 0.370370 0.063333 0.101852
2 0.291667 0.238426 0.070000 0.115741
2 0.335000 0.303241 0.063333 0.087963
2 0.045000 0.745370 0.050000 0.083333
2 0.273333 0.787037 0.086667 0.111111
2 0.225000 0.687500 0.050000 0.125000
2 0.346667 0.851852 0.080000 0.083333
2 0.478333 0.710648 0.056667 0.134259
2 0.481667 0.828704 0.050000 0.120370
2 0.841667 0.509259 0.076667 0.074074
2 0.606667 0.821759 0.073333 0.087963
2 0.660000 0.768519 0.073333 0.092593
2 0.760000 0.601852 0.060000 0.120370
2 0.078333 0.817130 0.056667 0.087963
