1 0.080000 0.187500 0.040000 0.070652
1 0.078333 0.247283 0.043333 0.059783
1 0.076667 0.320652 0.040000 0.076087
1 0.116667 0.347826 0.046667 0.065217
1 0.118333 0.279891 0.043333 0.070652
1 0.156667 0.266304 0.040000 0.065217
1 0.180000 0.323370 0.040000 0.070652
1 0.151667 0.375000 0.036667 0.065217
1 0.155000 0.437500 0.043333 0.070652
1 0.188333 0.388587 0.036667 0.059783
1 0.225000 0.355978 0.043333 0.070652
1 0.193333 0.445652 0.040000 0.065217
1 0.225000 0.421196 0.036667 0.059783
1 0.238333 0.478261 0.036667 0.065217
1 0.281667 0.347826 0.036667 0.065217
1 0.263333 0.402174 0.040000 0.065217
1 0.296667 0.432065 0.040000 0.070652
1 0.278333 0.483696 0.036667 0.065217
1 0.320000 0.361413 0.040000 0.070652
1 0.353333 0.320652 0.040000 0.065217
1 0.368333 0.383152 0.043333 0.070652
1 0.338333 0.434783 0.050000 0.065217
1 0.313333 0.497283 0.040000 0.059783
1 0.343333 0.540761 0.026667 0.059783
1 0.370000 0.546196 0.026667 0.059783
1 0.388333 0.328804 0.030000 0.048913
1 0.383333 0.459239 0.046667 0.070652
1 0.408333 0.402174 0.036667 0.065217
1 0.440000 0.366848 0.033333 0.059783
1 0.440000 0.426630 0.033333 0.059783
1 0.428333 0.497283 0.030000 0.059783
1 0.423333 0.584239 0.040000 0.070652
1 0.465000 0.538043 0.043333 0.076087
1 0.463333 0.470109 0.026667 0.059783
1 0.476667 0.383152 0.040000 0.070652
1 0.503333 0.426630 0.046667 0.070652
1 0.498333 0.491848 0.043333 0.059783
1 0.488333 0.578804 0.036667 0.070652
1 0.521667 0.540761 0.036667 0.059783
1 0.548333 0.418478 0.043333 0.076087
1 0.545000 0.486413 0.043333 0.059783
1 0.528333 0.600543 0.043333 0.070652
1 0.555000 0.540761 0.036667 0.059783
1 0.591667 0.432065 0.043333 0.081522
1 0.583333 0.502717 0.040000 0.070652
1 0.588333 0.570652 0.036667 0.076087
1 0.566667 0.625000 0.040000 0.065217
1 0.608333 0.657609 0.043333 0.086957
1 0.636667 0.608696 0.040000 0.065217
1 0.626667 0.540761 0.040000 0.081522
1 0.618333 0.475543 0.036667 0.059783
1 0.655000 0.480978 0.043333 0.059783
1 0.660000 0.538043 0.033333 0.065217
1 0.675000 0.592391 0.036667 0.065217
1 0.720000 0.586957 0.053333 0.076087
1 0.755000 0.644022 0.043333 0.070652
1 0.705000 0.644022 0.050000 0.070652
1 0.661667 0.673913 0.036667 0.065217
1 0.700000 0.714674 0.040000 0.070652
1 0.741667 0.717391 0.043333 0.086957
1 0.713333 0.771739 0.040000 0.076087
1 0.665000 0.739130 0.043333 0.076087
1 0.673333 0.801630 0.046667 0.070652
1 0.831667 0.682065 0.036667 0.070652
1 0.876667 0.695652 0.046667 0.076087
1 0.878333 0.774457 0.043333 0.070652
1 0.923333 0.769022 0.046667 0.070652
1 0.935000 0.831522 0.036667 0.054348
1 0.886667 0.839674 0.046667 0.059783
1 0.968333 0.842391 0.030000 0.043478
