1 0.031667 0.078390 0.050000 0.063559
1 0.076667 0.091102 0.046667 0.063559
1 0.128333 0.103814 0.050000 0.072034
1 0.131667 0.036017 0.056667 0.063559
1 0.165000 0.063559 0.030000 0.059322
1 0.191667 0.063559 0.043333 0.059322
1 0.233333 0.101695 0.053333 0.067797
1 0.268333 0.038136 0.043333 0.059322
1 0.311667 0.055085 0.050000 0.059322
1 0.361667 0.052966 0.056667 0.072034
1 0.291667 0.116525 0.056667 0.080508
1 0.238333 0.152542 0.050000 0.067797
1 0.051667 0.150424 0.056667 0.072034
1 0.030000 0.213983 0.053333 0.080508
1 0.106667 0.228814 0.053333 0.067797
1 0.088333 0.296610 0.056667 0.076271
1 0.158333 0.199153 0.056667 0.076271
1 0.160000 0.273305 0.060000 0.072034
1 0.193333 0.324153 0.040000 0.063559
1 0.228333 0.237288 0.043333 0.059322
1 0.251667 0.260593 0.036667 0.063559
1 0.303333 0.235169 0.046667 0.072034
1 0.271667 0.197034 0.036667 0.055085
1 0.350000 0.118644 0.046667 0.059322
1 0.395000 0.163136 0.050000 0.080508
1 0.348333 0.188559 0.050000 0.072034
1 0.321667 0.298729 0.056667 0.080508
1 0.363333 0.247881 0.046667 0.063559
1 0.415000 0.226695 0.043333 0.072034
1 0.440000 0.095339 0.053333 0.063559
1 0.486667 0.078390 0.046667 0.055085
1 0.471667 0.040254 0.043333 0.046610
1 0.415000 0.038136 0.050000 0.050847
1 0.520000 0.040254 0.046667 0.055085
1 0.538333 0.093220 0.050000 0.050847
1 0.443333 0.156780 0.040000 0.059322
1 0.560000 0.169492 0.053333 0.067797
1 0.515000 0.169492 0.050000 0.050847
1 0.518333 0.207627 0.043333 0.059322
1 0.468333 0.211864 0.056667 0.059322
1 0.468333 0.209746 0.056667 0.063559
1 0.430000 0.290254 0.053333 0.063559
1 0.385000 0.334746 0.063333 0.067797
1 0.431667 0.377119 0.050000 0.076271
1 0.468333 0.332627 0.043333 0.072034
1 0.501667 0.326271 0.043333 0.059322
1 0.541667 0.292373 0.050000 0.067797
1 0.505000 0.266949 0.043333 0.050847
1 0.561667 0.228814 0.036667 0.050847
1 0.633333 0.256356 0.053333 0.063559
1 0.640000 0.182203 0.040000 0.067797
1 0.585000 0.110169 0.043333 0.059322
1 0.571667 0.055085 0.050000 0.059322
1 0.708333 0.057203 0.056667 0.046610
1 0.778333 0.042373 0.063333 0.067797
1 0.841667 0.031780 0.063333 0.055085
1 0.901667 0.061441 0.056667 0.072034
1 0.838333 0.091102 0.070000 0.063559
1 0.766667 0.103814 0.053333 0.055085
1 0.761667 0.169492 0.043333 0.076271
1 0.740000 0.247881 0.060000 0.080508
1 0.805000 0.230932 0.063333 0.063559
1 0.701667 0.294492 0.056667 0.055085
1 0.596667 0.317797 0.053333 0.067797
1 0.693333 0.349576 0.053333 0.063559
1 0.645000 0.349576 0.043333 0.055085
1 0.678333 0.413136 0.056667 0.072034
1 0.596667 0.387712 0.053333 0.063559
1 0.546667 0.353814 0.046667 0.046610
1 0.543333 0.385593 0.046667 0.059322
1 0.485000 0.398305 0.050000 0.059322
1 0.425000 0.457627 0.050000 0.067797
1 0.476667 0.459746 0.046667 0.063559
1 0.523333 0.451271 0.053333 0.063559
1 0.575000 0.444915 0.050000 0.059322
1 0.630000 0.434322 0.046667 0.063559
1 0.668333 0.478814 0.050000 0.059322
1 0.613333 0.497881 0.060000 0.063559
1 0.496667 0.529661 0.060000 0.067797
1 0.593333 0.555085 0.053333 0.050847
1 0.496667 0.603814 0.053333 0.072034
1 0.546667 0.567797 0.046667 0.050847
1 0.651667 0.616525 0.043333 0.055085
1 0.623333 0.625000 0.046667 0.055085
1 0.636667 0.686441 0.040000 0.059322
1 0.661667 0.750000 0.056667 0.067797
1 0.685000 0.811441 0.050000 0.063559
1 0.691667 0.158898 0.050000 0.080508
1 0.020000 0.025424 0.033333 0.042373
1 0.646667 0.122881 0.040000 0.059322
