1 0.130000 0.060924 0.046667 0.054622
1 0.048333 0.165966 0.036667 0.054622
1 0.296667 0.037815 0.040000 0.050420
1 0.390000 0.044118 0.040000 0.046218
1 0.380000 0.081933 0.040000 0.054622
1 0.206667 0.289916 0.040000 0.050420
1 0.460000 0.266807 0.040000 0.054622
1 0.598333 0.241597 0.043333 0.054622
1 0.343333 0.367647 0.040000 0.054622
1 0.480000 0.369748 0.040000 0.050420
1 0.545000 0.407563 0.036667 0.050420
1 0.360000 0.449580 0.040000 0.058824
1 0.335000 0.579832 0.043333 0.050420
1 0.565000 0.481092 0.043333 0.046218
1 0.775000 0.455882 0.043333 0.054622
1 0.610000 0.558824 0.046667 0.058824
1 0.563333 0.592437 0.040000 0.058824
1 0.371667 0.766807 0.030000 0.046218
1 0.398333 0.792017 0.043333 0.054622
1 0.363333 0.802521 0.033333 0.050420
1 0.333333 0.806723 0.040000 0.050420
1 0.841667 0.752101 0.043333 0.058824
1 0.646667 0.470588 0.033333 0.042017
1 0.453333 0.634454 0.033333 0.042017
1 0.441667 0.573529 0.030000 0.037815
1 0.328333 0.302521 0.036667 0.042017
1 0.066667 0.107143 0.033333 0.046218
1 0.406667 0.195378 0.033333 0.037815
1 0.670000 0.228992 0.040000 0.037815
1 0.561667 0.239496 0.030000 0.042017
1 0.775000 0.084034 0.023333 0.033613
1 0.895000 0.886555 0.023333 0.033613
1 0.281667 0.684874 0.023333 0.033613
1 0.241667 0.636555 0.030000 0.029412
1 0.890000 0.388655 0.026667 0.029412
1 0.895000 0.411765 0.023333 0.025210
1 0.625000 0.409664 0.030000 0.037815
