1 0.026667 0.448276 0.026667 0.049261
1 0.060000 0.450739 0.033333 0.044335
1 0.061667 0.354680 0.030000 0.049261
1 0.226667 0.339901 0.033333 0.059113
1 0.233333 0.396552 0.033333 0.044335
1 0.186667 0.431034 0.026667 0.044335
1 0.335000 0.133005 0.030000 0.049261
1 0.333333 0.187192 0.033333 0.049261
1 0.375000 0.197044 0.036667 0.049261
1 0.303333 0.214286 0.033333 0.034483
1 0.333333 0.032020 0.033333 0.034483
1 0.415000 0.044335 0.036667 0.059113
1 0.383333 0.029557 0.026667 0.049261
1 0.451667 0.113300 0.036667 0.039409
1 0.458333 0.155172 0.030000 0.054187
1 0.468333 0.219212 0.036667 0.044335
1 0.428333 0.209360 0.036667 0.054187
1 0.373333 0.142857 0.033333 0.049261
1 0.368333 0.263547 0.036667 0.054187
1 0.403333 0.273399 0.033333 0.044335
1 0.293333 0.295567 0.033333 0.039409
1 0.326667 0.339901 0.033333 0.049261
1 0.401667 0.325123 0.036667 0.059113
1 0.385000 0.369458 0.030000 0.049261
1 0.058333 0.103448 0.036667 0.049261
1 0.151667 0.339901 0.036667 0.049261
1 0.273333 0.416256 0.033333 0.054187
1 0.333333 0.421182 0.033333 0.044335
1 0.533333 0.302956 0.033333 0.044335
1 0.540000 0.384236 0.033333 0.059113
1 0.473333 0.019704 0.033333 0.029557
1 0.541667 0.044335 0.023333 0.039409
1 0.561667 0.046798 0.030000 0.044335
1 0.606667 0.098522 0.033333 0.049261
1 0.636667 0.076355 0.033333 0.054187
1 0.550000 0.100985 0.026667 0.054187
1 0.693333 0.150246 0.033333 0.044335
1 0.693333 0.041872 0.026667 0.034483
1 0.600000 0.211823 0.040000 0.059113
1 0.771667 0.081281 0.036667 0.064039
1 0.900000 0.118227 0.040000 0.049261
1 0.983333 0.059113 0.033333 0.059113
1 0.958333 0.248768 0.036667 0.054187
1 0.835000 0.253695 0.036667 0.044335
1 0.686667 0.206897 0.033333 0.049261
1 0.586667 0.300493 0.033333 0.039409
1 0.606667 0.364532 0.033333 0.049261
1 0.578333 0.423645 0.036667 0.049261
1 0.716667 0.347291 0.040000 0.044335
1 0.773333 0.362069 0.040000 0.054187
1 0.771667 0.421182 0.036667 0.054187
1 0.840000 0.433498 0.026667 0.049261
1 0.925000 0.571429 0.030000 0.049261
1 0.985000 0.637931 0.030000 0.044335
1 0.963333 0.726601 0.026667 0.044335
1 0.885000 0.795567 0.030000 0.054187
1 0.855000 0.630542 0.036667 0.049261
1 0.723333 0.581281 0.040000 0.049261
1 0.751667 0.773399 0.030000 0.039409
1 0.765000 0.812808 0.030000 0.039409
1 0.766667 0.605911 0.026667 0.039409
1 0.698333 0.433498 0.030000 0.049261
1 0.651667 0.588670 0.030000 0.054187
1 0.635000 0.640394 0.036667 0.049261
1 0.651667 0.773399 0.030000 0.049261
1 0.681667 0.756158 0.030000 0.054187
1 0.708333 0.768473 0.030000 0.039409
1 0.650000 0.857143 0.033333 0.039409
1 0.566667 0.541872 0.033333 0.059113
1 0.485000 0.492611 0.030000 0.049261
1 0.448333 0.500000 0.030000 0.044335
1 0.458333 0.359606 0.030000 0.039409
1 0.490000 0.334975 0.033333 0.039409
1 0.378333 0.480296 0.030000 0.034483
1 0.373333 0.549261 0.040000 0.044335
1 0.350000 0.588670 0.040000 0.044335
1 0.463333 0.591133 0.033333 0.049261
1 0.503333 0.561576 0.033333 0.039409
1 0.531667 0.596059 0.030000 0.049261
1 0.456667 0.544335 0.033333 0.044335
1 0.580000 0.711823 0.033333 0.044335
1 0.603333 0.770936 0.033333 0.044335
1 0.523333 0.738916 0.026667 0.049261
1 0.433333 0.657635 0.033333 0.054187
1 0.420000 0.591133 0.033333 0.049261
1 0.265000 0.497537 0.036667 0.049261
1 0.251667 0.593596 0.030000 0.054187
1 0.195000 0.662562 0.030000 0.054187
1 0.171667 0.830049 0.030000 0.054187
1 0.250000 0.716749 0.026667 0.044335
1 0.241667 0.660099 0.030000 0.049261
1 0.283333 0.645320 0.033333 0.059113
1 0.253333 0.763547 0.026667 0.039409
1 0.278333 0.751232 0.030000 0.044335
1 0.425000 0.783251 0.036667 0.049261
1 0.388333 0.716749 0.043333 0.054187
1 0.323333 0.785714 0.033333 0.044335
1 0.355000 0.810345 0.036667 0.044335
1 0.480000 0.758621 0.033333 0.049261
1 0.598333 0.830049 0.036667 0.054187
1 0.191667 0.066502 0.030000 0.044335
