1 0.615546 0.054245 0.046218 0.061321
1 0.861345 0.188679 0.042017 0.047170
1 0.819328 0.224057 0.042017 0.061321
1 0.668067 0.200472 0.050420 0.051887
1 0.598739 0.181604 0.054622 0.051887
1 0.535714 0.183962 0.046218 0.056604
1 0.546218 0.242925 0.050420 0.070755
1 0.605042 0.235849 0.050420 0.056604
1 0.483193 0.266509 0.042017 0.051887
1 0.502101 0.316038 0.046218 0.047170
1 0.409664 0.337264 0.046218 0.042453
1 0.443277 0.365566 0.046218 0.042453
1 0.506303 0.408019 0.054622 0.061321
1 0.560924 0.415094 0.054622 0.056604
1 0.584034 0.382075 0.042017 0.056604
1 0.630252 0.408019 0.058824 0.080189
1 0.659664 0.299528 0.042017 0.051887
1 0.771008 0.341981 0.046218 0.061321
1 0.720588 0.382075 0.046218 0.056604
1 0.768908 0.429245 0.050420 0.047170
1 0.733193 0.459906 0.046218 0.051887
1 0.636555 0.478774 0.063025 0.061321
1 0.485294 0.443396 0.054622 0.056604
1 0.434874 0.478774 0.054622 0.051887
1 0.426471 0.518868 0.046218 0.047170
1 0.386555 0.516509 0.042017 0.042453
1 0.525210 0.516509 0.042017 0.061321
1 0.481092 0.533019 0.046218 0.047170
1 0.659664 0.558962 0.067227 0.070755
1 0.602941 0.540094 0.046218 0.051887
1 0.575630 0.568396 0.042017 0.042453
1 0.487395 0.582547 0.050420 0.051887
1 0.478992 0.629717 0.050420 0.051887
1 0.455882 0.660377 0.037815 0.047170
1 0.500000 0.695755 0.050420 0.051887
1 0.394958 0.584906 0.050420 0.056604
1 0.422269 0.627358 0.046218 0.047170
1 0.350840 0.599057 0.037815 0.047170
1 0.388655 0.648585 0.046218 0.061321
1 0.710084 0.745283 0.058824 0.056604
1 0.779412 0.775943 0.054622 0.070755
1 0.741597 0.799528 0.054622 0.061321
1 0.665966 0.761792 0.054622 0.051887
1 0.573529 0.860849 0.046218 0.061321
1 0.525210 0.851415 0.042017 0.061321
1 0.418067 0.818396 0.054622 0.061321
1 0.380252 0.846698 0.046218 0.061321
1 0.426471 0.900943 0.054622 0.056604
1 0.548319 0.924528 0.046218 0.056604
1 0.623950 0.926887 0.054622 0.051887
1 0.327731 0.728774 0.058824 0.061321
1 0.292017 0.783019 0.063025 0.066038
1 0.245798 0.783019 0.046218 0.066038
1 0.300420 0.856132 0.063025 0.051887
1 0.201681 0.808962 0.058824 0.061321
1 0.157563 0.844340 0.046218 0.075472
1 0.094538 0.896226 0.054622 0.056604
1 0.142857 0.969340 0.058824 0.051887
1 0.197479 0.884434 0.067227 0.080189
1 0.277311 0.926887 0.042017 0.061321
1 0.838235 0.422170 0.054622 0.089623
