1 0.630000 0.495516 0.040000 0.049327
1 0.926667 0.811659 0.033333 0.044843
1 0.966667 0.448430 0.040000 0.053812
1 0.168333 0.150224 0.030000 0.049327
1 0.093333 0.291480 0.046667 0.053812
1 0.243333 0.338565 0.040000 0.049327
1 0.185000 0.650224 0.036667 0.035874
1 0.188333 0.686099 0.030000 0.035874
1 0.471667 0.652466 0.036667 0.058296
1 0.700000 0.612108 0.040000 0.058296
1 0.738333 0.026906 0.043333 0.044843
1 0.335000 0.349776 0.050000 0.053812
1 0.280000 0.403587 0.046667 0.053812
1 0.440000 0.257848 0.053333 0.058296
1 0.268333 0.172646 0.050000 0.049327
1 0.198333 0.150224 0.030000 0.040359
1 0.236667 0.242152 0.033333 0.044843
1 0.596667 0.273543 0.046667 0.062780
1 0.463333 0.753363 0.046667 0.053812
1 0.435000 0.587444 0.036667 0.044843
1 0.125000 0.556054 0.043333 0.062780
1 0.203333 0.071749 0.040000 0.053812
