1 0.083333 0.149123 0.035088 0.035088
1 0.125000 0.179825 0.030702 0.035088
1 0.346491 0.260965 0.017544 0.030702
1 0.563596 0.289474 0.030702 0.035088
1 0.535088 0.300439 0.026316 0.030702
1 0.453947 0.155702 0.021930 0.030702
1 0.478070 0.153509 0.017544 0.035088
1 0.635965 0.149123 0.026316 0.035088
1 0.504386 0.186404 0.035088 0.030702
1 0.375000 0.278509 0.030702 0.030702
1 0.502193 0.309211 0.030702 0.030702
1 0.739035 0.166667 0.021930 0.026316
1 0.771930 0.190789 0.017544 0.021930
1 0.765351 0.212719 0.021930 0.030702
1 0.787281 0.197368 0.021930 0.017544
1 0.800439 0.223684 0.021930 0.026316
1 0.826754 0.173246 0.021930 0.030702
1 0.853070 0.285088 0.021930 0.026316
1 0.842105 0.304825 0.035088 0.030702
1 0.883772 0.269737 0.021930 0.030702
1 0.668860 0.234649 0.030702 0.021930
1 0.721491 0.245614 0.030702 0.026316
1 0.243421 0.473684 0.039474 0.035088
1 0.217105 0.475877 0.021930 0.030702
1 0.228070 0.535088 0.035088 0.026316
1 0.096491 0.596491 0.017544 0.026316
1 0.118421 0.673246 0.035088 0.030702
1 0.190789 0.719298 0.030702 0.035088
1 0.098684 0.750000 0.021930 0.026316
1 0.451754 0.451754 0.035088 0.035088
1 0.596491 0.339912 0.026316 0.030702
1 0.695175 0.370614 0.030702 0.039474
1 0.684211 0.381579 0.035088 0.035088
1 0.890351 0.438596 0.035088 0.043860
1 0.679825 0.478070 0.043860 0.035088
1 0.646930 0.462719 0.030702 0.030702
1 0.449561 0.375000 0.030702 0.030702
1 0.850877 0.502193 0.026316 0.030702
1 0.932018 0.603070 0.021930 0.030702
1 0.905702 0.609649 0.039474 0.026316
1 0.756579 0.563596 0.030702 0.030702
1 0.732456 0.561404 0.026316 0.035088
1 0.671053 0.539474 0.035088 0.026316
1 0.410088 0.585526 0.039474 0.039474
1 0.197368 0.642544 0.035088 0.030702
1 0.491228 0.655702 0.026316 0.030702
1 0.392544 0.747807 0.021930 0.030702
1 0.447368 0.741228 0.026316 0.026316
1 0.440789 0.763158 0.030702 0.026316
1 0.692982 0.721491 0.026316 0.039474
1 0.791667 0.789474 0.021930 0.026316
1 0.776316 0.796053 0.017544 0.030702
1 0.743421 0.767544 0.030702 0.043860
1 0.747807 0.701754 0.030702 0.035088
1 0.855263 0.614035 0.026316 0.043860
1 0.550439 0.703947 0.039474 0.030702
1 0.938596 0.304825 0.026316 0.030702
1 0.252193 0.649123 0.030702 0.035088
1 0.835526 0.787281 0.021930 0.030702
1 0.578947 0.504386 0.026316 0.026316
