1 0.020000 0.035865 0.033333 0.029536
1 0.023333 0.065401 0.033333 0.037975
1 0.061667 0.035865 0.043333 0.046414
1 0.103333 0.046414 0.033333 0.042194
1 0.095000 0.073840 0.036667 0.037975
1 0.053333 0.082278 0.033333 0.046414
1 0.081667 0.116034 0.036667 0.046414
1 0.113333 0.122363 0.033333 0.033755
1 0.133333 0.149789 0.033333 0.037975
1 0.086667 0.168776 0.033333 0.050633
1 0.048333 0.217300 0.030000 0.037975
1 0.041667 0.236287 0.030000 0.042194
1 0.121667 0.196203 0.036667 0.037975
1 0.125000 0.229958 0.036667 0.037975
1 0.141667 0.025316 0.036667 0.042194
1 0.145000 0.073840 0.043333 0.046414
1 0.156667 0.113924 0.040000 0.050633
1 0.185000 0.052743 0.030000 0.046414
1 0.193333 0.099156 0.033333 0.037975
1 0.193333 0.126582 0.033333 0.033755
1 0.218333 0.046414 0.023333 0.042194
1 0.243333 0.042194 0.026667 0.033755
1 0.261667 0.084388 0.030000 0.042194
1 0.293333 0.023207 0.033333 0.037975
1 0.333333 0.031646 0.026667 0.046414
1 0.305000 0.080169 0.036667 0.042194
1 0.318333 0.109705 0.036667 0.042194
1 0.300000 0.156118 0.040000 0.050633
1 0.271667 0.189873 0.036667 0.050633
1 0.260000 0.141350 0.033333 0.037975
1 0.190000 0.213080 0.033333 0.046414
1 0.021667 0.293249 0.036667 0.063291
1 0.056667 0.284810 0.033333 0.029536
1 0.063333 0.310127 0.033333 0.037975
1 0.153333 0.263713 0.040000 0.063291
1 0.138333 0.312236 0.030000 0.042194
1 0.115000 0.331224 0.023333 0.046414
1 0.026667 0.331224 0.026667 0.029536
1 0.058333 0.358650 0.050000 0.059072
1 0.103333 0.379747 0.033333 0.050633
1 0.090000 0.419831 0.033333 0.046414
1 0.028333 0.434599 0.036667 0.042194
1 0.055000 0.468354 0.036667 0.050633
1 0.096667 0.481013 0.033333 0.050633
1 0.085000 0.508439 0.030000 0.037975
1 0.016667 0.512658 0.026667 0.046414
1 0.043333 0.535865 0.040000 0.042194
1 0.031667 0.580169 0.036667 0.046414
1 0.065000 0.607595 0.036667 0.042194
1 0.056667 0.660338 0.040000 0.046414
1 0.101667 0.662447 0.036667 0.059072
1 0.103333 0.713080 0.040000 0.050633
1 0.041667 0.820675 0.050000 0.054852
1 0.105000 0.791139 0.030000 0.046414
1 0.131667 0.799578 0.030000 0.046414
1 0.120000 0.757384 0.026667 0.037975
1 0.166667 0.748945 0.040000 0.046414
1 0.146667 0.681435 0.033333 0.046414
1 0.113333 0.592827 0.053333 0.054852
1 0.148333 0.540084 0.036667 0.033755
1 0.158333 0.571730 0.036667 0.037975
1 0.165000 0.616034 0.030000 0.059072
1 0.211667 0.586498 0.043333 0.050633
1 0.226667 0.630802 0.040000 0.054852
1 0.225000 0.698312 0.043333 0.063291
1 0.215000 0.753165 0.050000 0.063291
1 0.176667 0.881857 0.033333 0.033755
1 0.253333 0.812236 0.040000 0.054852
1 0.261667 0.654008 0.030000 0.033755
1 0.185000 0.542194 0.023333 0.037975
1 0.210000 0.535865 0.026667 0.042194
1 0.165000 0.432489 0.030000 0.037975
1 0.183333 0.421941 0.026667 0.042194
1 0.143333 0.485232 0.033333 0.042194
1 0.230000 0.225738 0.033333 0.037975
1 0.200000 0.257384 0.033333 0.042194
1 0.220000 0.278481 0.033333 0.042194
1 0.268333 0.246835 0.043333 0.046414
1 0.258333 0.295359 0.036667 0.033755
1 0.260000 0.327004 0.040000 0.037975
1 0.201667 0.367089 0.043333 0.059072
1 0.231667 0.417722 0.036667 0.050633
1 0.273333 0.419831 0.033333 0.046414
1 0.305000 0.402954 0.030000 0.046414
1 0.323333 0.386076 0.026667 0.037975
1 0.291667 0.352321 0.036667 0.037975
1 0.311667 0.318565 0.036667 0.046414
1 0.303333 0.263713 0.033333 0.046414
1 0.333333 0.282700 0.033333 0.059072
1 0.345000 0.145570 0.036667 0.046414
1 0.325000 0.202532 0.030000 0.033755
1 0.358333 0.236287 0.043333 0.042194
1 0.395000 0.253165 0.036667 0.050633
1 0.351667 0.082278 0.036667 0.054852
1 0.388333 0.078059 0.036667 0.063291
1 0.385000 0.122363 0.030000 0.033755
1 0.438333 0.124473 0.043333 0.046414
1 0.443333 0.090717 0.040000 0.037975
1 0.448333 0.177215 0.030000 0.042194
1 0.413333 0.194093 0.040000 0.042194
1 0.490000 0.094937 0.040000 0.046414
1 0.496667 0.145570 0.020000 0.046414
1 0.525000 0.069620 0.036667 0.054852
1 0.528333 0.023207 0.036667 0.037975
1 0.565000 0.094937 0.043333 0.046414
1 0.533333 0.145570 0.033333 0.037975
1 0.520000 0.196203 0.040000 0.046414
1 0.490000 0.213080 0.033333 0.037975
1 0.448333 0.314346 0.036667 0.046414
1 0.481667 0.282700 0.030000 0.033755
1 0.390000 0.333333 0.026667 0.042194
1 0.396667 0.375527 0.040000 0.042194
1 0.351667 0.354430 0.043333 0.059072
1 0.360000 0.396624 0.026667 0.033755
1 0.253333 0.502110 0.040000 0.050633
1 0.290000 0.472574 0.040000 0.059072
1 0.271667 0.540084 0.036667 0.033755
1 0.258333 0.590717 0.030000 0.050633
1 0.281667 0.603376 0.036667 0.050633
1 0.310000 0.575949 0.040000 0.046414
1 0.358333 0.506329 0.043333 0.042194
1 0.353333 0.548523 0.033333 0.033755
1 0.366667 0.573840 0.026667 0.042194
1 0.338333 0.618143 0.036667 0.037975
1 0.305000 0.645570 0.030000 0.042194
1 0.298333 0.702532 0.036667 0.054852
1 0.300000 0.774262 0.040000 0.054852
1 0.286667 0.881857 0.026667 0.033755
1 0.336667 0.848101 0.040000 0.042194
1 0.373333 0.789030 0.033333 0.042194
1 0.395000 0.751055 0.030000 0.050633
1 0.435000 0.757384 0.030000 0.054852
1 0.380000 0.691983 0.040000 0.050633
1 0.381667 0.632911 0.043333 0.067511
1 0.410000 0.592827 0.040000 0.071730
1 0.418333 0.641350 0.030000 0.042194
1 0.441667 0.656118 0.023333 0.037975
1 0.463333 0.700422 0.033333 0.050633
1 0.501667 0.740506 0.043333 0.054852
1 0.445000 0.816456 0.036667 0.071730
1 0.395000 0.854430 0.030000 0.037975
1 0.426667 0.869198 0.033333 0.050633
1 0.490000 0.833333 0.033333 0.037975
1 0.520000 0.803797 0.040000 0.054852
1 0.493333 0.871308 0.026667 0.037975
1 0.541667 0.751055 0.036667 0.067511
1 0.568333 0.795359 0.036667 0.054852
1 0.503333 0.687764 0.040000 0.050633
1 0.536667 0.698312 0.033333 0.046414
1 0.493333 0.607595 0.040000 0.050633
1 0.413333 0.487342 0.046667 0.054852
1 0.458333 0.512658 0.043333 0.046414
1 0.505000 0.529536 0.036667 0.046414
1 0.540000 0.535865 0.033333 0.050633
1 0.568333 0.529536 0.030000 0.046414
1 0.570000 0.578059 0.026667 0.033755
1 0.553333 0.594937 0.026667 0.033755
1 0.423333 0.421941 0.046667 0.059072
1 0.465000 0.428270 0.036667 0.046414
1 0.455000 0.375527 0.050000 0.067511
1 0.491667 0.390295 0.043333 0.063291
1 0.513333 0.434599 0.033333 0.042194
1 0.536667 0.476793 0.046667 0.050633
1 0.551667 0.358650 0.036667 0.059072
1 0.580000 0.316456 0.040000 0.033755
1 0.590000 0.339662 0.033333 0.037975
1 0.608333 0.405063 0.036667 0.042194
1 0.585000 0.411392 0.023333 0.037975
1 0.576667 0.462025 0.040000 0.054852
1 0.535000 0.270042 0.030000 0.050633
1 0.558333 0.276371 0.030000 0.046414
1 0.615000 0.191983 0.043333 0.063291
1 0.581667 0.027426 0.036667 0.037975
1 0.603333 0.082278 0.026667 0.046414
1 0.636667 0.086498 0.033333 0.046414
1 0.673333 0.061181 0.026667 0.046414
1 0.700000 0.063291 0.026667 0.050633
1 0.743333 0.054852 0.026667 0.042194
1 0.766667 0.063291 0.026667 0.050633
1 0.810000 0.037975 0.046667 0.050633
1 0.740000 0.107595 0.040000 0.046414
1 0.783333 0.124473 0.053333 0.054852
1 0.695000 0.128692 0.050000 0.054852
1 0.663333 0.172996 0.040000 0.059072
1 0.613333 0.265823 0.046667 0.059072
1 0.653333 0.238397 0.033333 0.037975
1 0.673333 0.213080 0.033333 0.037975
1 0.706667 0.191983 0.026667 0.037975
1 0.721667 0.210970 0.036667 0.042194
1 0.778333 0.213080 0.030000 0.046414
1 0.805000 0.219409 0.036667 0.050633
1 0.851667 0.183544 0.030000 0.046414
1 0.855000 0.232068 0.023333 0.042194
1 0.875000 0.240506 0.030000 0.042194
1 0.880000 0.151899 0.033333 0.042194
1 0.961667 0.295359 0.036667 0.050633
1 0.971667 0.367089 0.043333 0.050633
1 0.915000 0.362869 0.043333 0.050633
1 0.858333 0.280591 0.036667 0.037975
1 0.855000 0.314346 0.043333 0.046414
1 0.768333 0.259494 0.043333 0.054852
1 0.701667 0.257384 0.036667 0.050633
1 0.730000 0.284810 0.033333 0.054852
1 0.751667 0.318565 0.030000 0.054852
1 0.651667 0.329114 0.036667 0.042194
1 0.690000 0.358650 0.033333 0.042194
1 0.793333 0.312236 0.040000 0.033755
1 0.831667 0.364979 0.043333 0.046414
1 0.791667 0.392405 0.030000 0.050633
1 0.718333 0.402954 0.036667 0.054852
1 0.668333 0.419831 0.036667 0.046414
1 0.745000 0.474684 0.036667 0.046414
1 0.858333 0.413502 0.043333 0.050633
1 0.828333 0.438819 0.036667 0.059072
1 0.950000 0.438819 0.026667 0.050633
1 0.916667 0.474684 0.033333 0.037975
1 0.915000 0.502110 0.030000 0.033755
1 0.958333 0.506329 0.043333 0.059072
1 0.866667 0.508439 0.033333 0.029536
1 0.908333 0.548523 0.036667 0.042194
1 0.971667 0.584388 0.030000 0.046414
1 0.821667 0.550633 0.043333 0.054852
1 0.703333 0.510549 0.033333 0.050633
1 0.623333 0.561181 0.033333 0.050633
1 0.681667 0.569620 0.043333 0.042194
1 0.741667 0.554852 0.023333 0.037975
1 0.850000 0.592827 0.046667 0.054852
1 0.913333 0.622363 0.046667 0.063291
1 0.963333 0.647679 0.040000 0.046414
1 0.943333 0.704641 0.046667 0.050633
1 0.933333 0.763713 0.046667 0.050633
1 0.958333 0.799578 0.036667 0.054852
1 0.983333 0.797468 0.033333 0.050633
1 0.981667 0.856540 0.036667 0.059072
1 0.675000 0.616034 0.036667 0.042194
1 0.663333 0.651899 0.033333 0.046414
1 0.605000 0.668776 0.030000 0.054852
1 0.578333 0.689873 0.030000 0.037975
1 0.595000 0.757384 0.036667 0.054852
1 0.570000 0.854430 0.040000 0.063291
1 0.616667 0.852321 0.040000 0.042194
1 0.643333 0.875527 0.020000 0.037975
1 0.715000 0.858650 0.036667 0.046414
1 0.776667 0.820675 0.040000 0.046414
1 0.755000 0.839662 0.036667 0.042194
1 0.830000 0.824895 0.033333 0.046414
1 0.858333 0.860759 0.050000 0.059072
1 0.903333 0.871308 0.040000 0.054852
1 0.936667 0.860759 0.033333 0.059072
1 0.858333 0.660338 0.043333 0.054852
1 0.815000 0.639241 0.043333 0.054852
1 0.798333 0.687764 0.043333 0.050633
1 0.760000 0.719409 0.033333 0.046414
1 0.666667 0.721519 0.040000 0.050633
1 0.675000 0.765823 0.036667 0.046414
1 0.703333 0.789030 0.033333 0.050633
1 0.800000 0.765823 0.033333 0.054852
1 0.843333 0.759494 0.033333 0.042194
1 0.876667 0.778481 0.040000 0.054852
1 0.730000 0.687764 0.033333 0.042194
1 0.768333 0.658228 0.050000 0.067511
1 0.651667 0.491561 0.036667 0.046414
