1 0.077167 0.351351 0.035941 0.039312
1 0.115222 0.364865 0.035941 0.041769
1 0.080338 0.412776 0.042283 0.039312
1 0.286469 0.074939 0.031712 0.041769
1 0.326638 0.079853 0.031712 0.041769
1 0.301268 0.117936 0.035941 0.039312
1 0.235729 0.192875 0.035941 0.036855
1 0.242072 0.229730 0.035941 0.036855
1 0.404863 0.190418 0.031712 0.046683
1 0.310782 0.337838 0.033827 0.051597
1 0.128964 0.417690 0.042283 0.039312
1 0.141649 0.652334 0.033827 0.051597
1 0.174419 0.652334 0.035941 0.046683
1 0.161734 0.750614 0.040169 0.056511
1 0.210359 0.738329 0.040169 0.051597
1 0.264271 0.787469 0.029598 0.046683
1 0.270613 0.835381 0.029598 0.039312
1 0.331924 0.818182 0.038055 0.044226
1 0.301268 0.735872 0.040169 0.041769
1 0.357294 0.744472 0.033827 0.039312
1 0.345666 0.766585 0.031712 0.029484
1 0.394292 0.753071 0.023256 0.031941
1 0.390063 0.775184 0.035941 0.022113
1 0.450317 0.835381 0.029598 0.044226
1 0.500000 0.839066 0.035941 0.036855
1 0.494715 0.810811 0.046512 0.034398
1 0.640592 0.780098 0.033827 0.031941
1 0.623679 0.793612 0.025370 0.034398
1 0.665962 0.826781 0.042283 0.041769
1 0.707188 0.785012 0.031712 0.031941
1 0.715645 0.812039 0.035941 0.036855
1 0.736786 0.896806 0.035941 0.044226
1 0.600423 0.755528 0.038055 0.046683
1 0.556025 0.697789 0.033827 0.034398
1 0.540169 0.674447 0.040169 0.036855
1 0.464059 0.703931 0.031712 0.036855
1 0.436575 0.695332 0.031712 0.034398
1 0.463002 0.775184 0.038055 0.041769
1 0.366808 0.686732 0.040169 0.036855
1 0.303383 0.662162 0.035941 0.036855
1 0.320296 0.627764 0.035941 0.041769
1 0.363636 0.635135 0.038055 0.036855
1 0.780127 0.722359 0.038055 0.039312
1 0.811839 0.658477 0.025370 0.044226
1 0.789641 0.671990 0.023256 0.041769
1 0.856237 0.664619 0.042283 0.041769
1 0.866808 0.633907 0.025370 0.039312
1 0.886892 0.609337 0.027484 0.044226
1 0.910148 0.608108 0.027484 0.041769
1 0.914376 0.549140 0.040169 0.041769
1 0.908034 0.500000 0.031712 0.041769
1 0.856237 0.500000 0.033827 0.031941
1 0.810782 0.481572 0.040169 0.034398
1 0.807611 0.503686 0.033827 0.034398
1 0.812896 0.576167 0.031712 0.046683
1 0.844609 0.588452 0.031712 0.046683
1 0.638478 0.546683 0.029598 0.036855
1 0.631078 0.520885 0.027484 0.029484
1 0.699789 0.474201 0.029598 0.039312
1 0.715645 0.442260 0.027484 0.039312
1 0.730444 0.415233 0.027484 0.044226
1 0.893235 0.334152 0.035941 0.034398
1 0.910148 0.308354 0.035941 0.041769
1 0.946089 0.353808 0.031712 0.044226
1 0.918605 0.357494 0.031712 0.041769
1 0.261099 0.982801 0.040169 0.034398
1 0.589852 0.028256 0.038055 0.041769
1 0.572939 0.101966 0.033827 0.046683
1 0.535941 0.114251 0.031712 0.051597
1 0.662791 0.135135 0.044397 0.039312
1 0.712474 0.136364 0.038055 0.046683
1 0.738901 0.141278 0.027484 0.041769
1 0.728330 0.201474 0.035941 0.039312
1 0.702960 0.190418 0.031712 0.041769
1 0.678647 0.162162 0.033827 0.039312
1 0.665962 0.206388 0.033827 0.039312
1 0.505285 0.170762 0.033827 0.036855
1 0.434461 0.242015 0.035941 0.036855
1 0.411205 0.255528 0.027484 0.039312
1 0.348837 0.339066 0.033827 0.044226
1 0.266385 0.356265 0.033827 0.039312
1 0.386892 0.328010 0.038055 0.041769
1 0.430233 0.325553 0.031712 0.046683
1 0.463002 0.328010 0.033827 0.041769
1 0.482030 0.269042 0.033827 0.041769
1 0.512685 0.265356 0.031712 0.044226
1 0.495772 0.214988 0.044397 0.041769
1 0.438689 0.186732 0.035941 0.039312
1 0.612051 0.292383 0.027484 0.029484
1 0.606765 0.314496 0.029598 0.029484
1 0.678647 0.264128 0.033827 0.041769
1 0.672304 0.320639 0.042283 0.041769
1 0.647992 0.353808 0.031712 0.034398
1 0.721987 0.364865 0.031712 0.041769
1 0.700846 0.373464 0.031712 0.039312
1 0.687104 0.414005 0.029598 0.046683
1 0.673362 0.445946 0.031712 0.031941
1 0.653277 0.484029 0.033827 0.044226
1 0.618393 0.459459 0.044397 0.039312
1 0.649049 0.410319 0.029598 0.044226
1 0.630021 0.418919 0.033827 0.036855
1 0.554968 0.449631 0.031712 0.044226
1 0.520085 0.433661 0.033827 0.036855
1 0.487315 0.362408 0.040169 0.041769
1 0.401691 0.364865 0.033827 0.036855
1 0.554968 0.262899 0.027484 0.039312
1 0.483087 0.436118 0.031712 0.036855
1 0.387949 0.506143 0.031712 0.029484
1 0.395349 0.538084 0.033827 0.034398
1 0.167019 0.597052 0.038055 0.044226
1 0.548626 0.503686 0.027484 0.034398
1 0.585624 0.536855 0.038055 0.041769
1 0.600423 0.163391 0.038055 0.041769
1 0.291755 0.197789 0.038055 0.036855
1 0.680761 0.550369 0.033827 0.044226
1 0.608879 0.099509 0.042283 0.046683
