1 0.090000 0.047297 0.040000 0.058559
1 0.023333 0.065315 0.033333 0.040541
1 0.045000 0.110360 0.036667 0.049550
1 0.166667 0.074324 0.040000 0.049550
1 0.201667 0.105856 0.043333 0.058559
1 0.063333 0.159910 0.046667 0.049550
1 0.076667 0.326577 0.040000 0.058559
1 0.175000 0.324324 0.036667 0.036036
1 0.176667 0.360360 0.046667 0.036036
1 0.366667 0.162162 0.026667 0.045045
1 0.343333 0.168919 0.026667 0.040541
1 0.453333 0.015766 0.040000 0.022523
1 0.425000 0.065315 0.043333 0.058559
1 0.400000 0.159910 0.033333 0.049550
1 0.290000 0.500000 0.040000 0.054054
1 0.271667 0.520270 0.030000 0.049550
1 0.255000 0.448198 0.043333 0.058559
1 0.213333 0.454955 0.040000 0.054054
1 0.018333 0.572072 0.030000 0.054054
1 0.066667 0.826577 0.040000 0.058559
1 0.093333 0.698198 0.040000 0.054054
1 0.293333 0.822072 0.033333 0.058559
1 0.275000 0.837838 0.030000 0.045045
1 0.196667 0.770270 0.040000 0.036036
1 0.201667 0.795045 0.030000 0.040541
1 0.325000 0.750000 0.030000 0.040541
1 0.313333 0.772523 0.026667 0.040541
1 0.360000 0.777027 0.026667 0.049550
1 0.291667 0.718468 0.036667 0.058559
1 0.276667 0.768018 0.033333 0.040541
1 0.161667 0.646396 0.030000 0.049550
1 0.181667 0.653153 0.030000 0.045045
1 0.196667 0.599099 0.040000 0.063063
1 0.215000 0.542793 0.030000 0.049550
1 0.335000 0.554054 0.023333 0.045045
1 0.335000 0.461712 0.030000 0.058559
1 0.356667 0.468468 0.026667 0.045045
1 0.303333 0.288288 0.033333 0.063063
1 0.318333 0.279279 0.036667 0.054054
1 0.420000 0.243243 0.040000 0.054054
1 0.378333 0.342342 0.043333 0.063063
1 0.390000 0.414414 0.046667 0.063063
1 0.415000 0.470721 0.043333 0.058559
1 0.443333 0.333333 0.033333 0.036036
1 0.443333 0.369369 0.040000 0.054054
1 0.490000 0.103604 0.026667 0.063063
1 0.511667 0.105856 0.023333 0.058559
1 0.513333 0.324324 0.046667 0.063063
1 0.483333 0.367117 0.040000 0.058559
1 0.573333 0.137387 0.040000 0.067568
1 0.611667 0.139640 0.036667 0.063063
1 0.593333 0.033784 0.026667 0.058559
1 0.630000 0.069820 0.033333 0.067568
1 0.730000 0.078829 0.040000 0.040541
1 0.775000 0.103604 0.036667 0.054054
1 0.803333 0.096847 0.026667 0.049550
1 0.783333 0.027027 0.046667 0.045045
1 0.951667 0.038288 0.043333 0.040541
1 0.956667 0.018018 0.040000 0.027027
1 0.955000 0.085586 0.030000 0.045045
1 0.965000 0.162162 0.036667 0.036036
1 0.966667 0.198198 0.046667 0.036036
1 0.811667 0.168919 0.043333 0.049550
1 0.766667 0.171171 0.040000 0.063063
1 0.711667 0.186937 0.043333 0.049550
1 0.796667 0.229730 0.040000 0.054054
1 0.658333 0.245495 0.043333 0.058559
1 0.700000 0.252252 0.026667 0.054054
1 0.723333 0.256757 0.026667 0.054054
1 0.753333 0.281532 0.046667 0.067568
1 0.623333 0.394144 0.046667 0.058559
1 0.495000 0.441441 0.050000 0.054054
1 0.505000 0.551802 0.043333 0.067568
1 0.545000 0.466216 0.043333 0.049550
1 0.583333 0.518018 0.026667 0.054054
1 0.740000 0.371622 0.033333 0.058559
1 0.886667 0.427928 0.040000 0.063063
1 0.860000 0.484234 0.040000 0.058559
1 0.718333 0.439189 0.036667 0.040541
1 0.710000 0.463964 0.033333 0.045045
1 0.678333 0.524775 0.043333 0.058559
1 0.650000 0.533784 0.040000 0.058559
1 0.583333 0.581081 0.046667 0.045045
1 0.613333 0.641892 0.040000 0.067568
1 0.658333 0.619369 0.043333 0.058559
1 0.728333 0.533784 0.036667 0.058559
1 0.761667 0.500000 0.036667 0.036036
1 0.765000 0.531532 0.036667 0.036036
1 0.856667 0.533784 0.046667 0.031532
1 0.860000 0.565315 0.040000 0.040541
1 0.791667 0.583333 0.043333 0.049550
1 0.973333 0.770270 0.033333 0.045045
1 0.963333 0.795045 0.026667 0.049550
1 0.920000 0.797297 0.040000 0.054054
1 0.851667 0.729730 0.043333 0.063063
1 0.805000 0.682432 0.043333 0.058559
1 0.693333 0.711712 0.040000 0.036036
1 0.700000 0.740991 0.040000 0.040541
1 0.745000 0.862613 0.050000 0.058559
1 0.541667 0.815315 0.043333 0.054054
1 0.403333 0.797297 0.033333 0.054054
1 0.428333 0.801802 0.023333 0.045045
1 0.451667 0.833333 0.036667 0.036036
1 0.460000 0.806306 0.033333 0.036036
1 0.481667 0.774775 0.036667 0.036036
1 0.531667 0.729730 0.036667 0.054054
1 0.480000 0.743243 0.033333 0.027027
1 0.505000 0.837838 0.030000 0.036036
1 0.590000 0.707207 0.033333 0.054054
1 0.403333 0.590090 0.040000 0.054054
1 0.425000 0.617117 0.036667 0.045045
1 0.023333 0.463964 0.040000 0.054054
1 0.948333 0.407658 0.036667 0.058559
