1 0.084034 0.127358 0.042017 0.047170
1 0.140756 0.125000 0.046218 0.051887
1 0.184874 0.040094 0.042017 0.051887
1 0.271008 0.033019 0.037815 0.047170
1 0.352941 0.096698 0.042017 0.042453
1 0.382353 0.051887 0.033613 0.037736
1 0.222689 0.259434 0.042017 0.047170
1 0.178571 0.344340 0.046218 0.047170
1 0.617647 0.068396 0.033613 0.051887
1 0.355042 0.160377 0.037815 0.056604
1 0.485294 0.148585 0.037815 0.042453
1 0.563025 0.191038 0.042017 0.051887
1 0.575630 0.049528 0.042017 0.033019
1 0.665966 0.195755 0.037815 0.051887
1 0.384454 0.247642 0.037815 0.042453
1 0.327731 0.261792 0.042017 0.051887
1 0.283613 0.349057 0.037815 0.047170
1 0.426471 0.363208 0.046218 0.056604
1 0.512605 0.337264 0.050420 0.061321
1 0.789916 0.292453 0.033613 0.056604
1 0.600840 0.162736 0.050420 0.051887
1 0.371849 0.351415 0.046218 0.051887
1 0.302521 0.398585 0.042017 0.051887
1 0.647059 0.386792 0.042017 0.047170
1 0.939076 0.370283 0.046218 0.051887
1 0.771008 0.209906 0.037815 0.033019
1 0.653361 0.313679 0.037815 0.042453
1 0.691176 0.349057 0.037815 0.037736
1 0.245798 0.497642 0.037815 0.051887
1 0.189076 0.525943 0.042017 0.042453
1 0.132353 0.632075 0.037815 0.056604
1 0.180672 0.627358 0.042017 0.047170
1 0.239496 0.620283 0.033613 0.042453
1 0.207983 0.582547 0.029412 0.042453
1 0.451681 0.452830 0.037815 0.047170
1 0.327731 0.556604 0.042017 0.047170
1 0.373950 0.533019 0.042017 0.037736
1 0.552521 0.464623 0.037815 0.051887
1 0.443277 0.509434 0.037815 0.047170
1 0.960084 0.429245 0.037815 0.047170
1 0.611345 0.474057 0.037815 0.051887
1 0.617647 0.537736 0.042017 0.056604
1 0.842437 0.507075 0.046218 0.051887
1 0.936975 0.589623 0.042017 0.056604
1 0.976891 0.554245 0.029412 0.042453
1 0.718487 0.615566 0.033613 0.042453
1 0.752101 0.662736 0.033613 0.042453
1 0.766807 0.709906 0.037815 0.042453
1 0.815126 0.707547 0.033613 0.047170
1 0.695378 0.757075 0.037815 0.042453
1 0.953782 0.686321 0.042017 0.051887
1 0.455882 0.632075 0.037815 0.037736
1 0.544118 0.634434 0.046218 0.042453
1 0.111345 0.691038 0.046218 0.042453
1 0.195378 0.714623 0.037815 0.042453
1 0.094538 0.780660 0.046218 0.042453
1 0.228992 0.820755 0.037815 0.047170
1 0.298319 0.804245 0.033613 0.051887
1 0.283613 0.745283 0.037815 0.047170
1 0.237395 0.761792 0.037815 0.042453
1 0.289916 0.695755 0.042017 0.042453
1 0.386555 0.665094 0.033613 0.047170
1 0.474790 0.575472 0.042017 0.047170
1 0.825630 0.410377 0.046218 0.047170
1 0.846639 0.662736 0.037815 0.042453
1 0.857143 0.719340 0.042017 0.042453
1 0.640756 0.750000 0.037815 0.047170
1 0.605042 0.792453 0.050420 0.047170
1 0.386555 0.936321 0.050420 0.051887
1 0.136555 0.962264 0.046218 0.047170
1 0.464286 0.952830 0.037815 0.037736
1 0.476891 0.867925 0.037815 0.056604
1 0.521008 0.830189 0.033613 0.047170
1 0.871849 0.870283 0.037815 0.042453
1 0.665966 0.702830 0.046218 0.056604
1 0.710084 0.702830 0.033613 0.047170
1 0.418067 0.813679 0.037815 0.042453
1 0.340336 0.917453 0.042017 0.051887
1 0.834034 0.969340 0.037815 0.042453
1 0.945378 0.966981 0.042017 0.047170
1 0.586134 0.417453 0.037815 0.042453
1 0.273109 0.127358 0.042017 0.047170
1 0.968487 0.280660 0.046218 0.051887
1 0.581933 0.301887 0.037815 0.037736
1 0.401261 0.110849 0.037815 0.051887
