1 0.100000 0.044944 0.053333 0.082397
1 0.148333 0.044944 0.050000 0.082397
1 0.165000 0.134831 0.063333 0.059925
1 0.176667 0.183521 0.066667 0.059925
1 0.366667 0.127341 0.053333 0.082397
1 0.418333 0.127341 0.056667 0.082397
1 0.713333 0.104869 0.053333 0.067416
1 0.746667 0.127341 0.053333 0.074906
1 0.946667 0.232210 0.066667 0.074906
1 0.910000 0.265918 0.060000 0.067416
1 0.865000 0.299625 0.070000 0.052434
1 0.710000 0.353933 0.060000 0.078652
1 0.746667 0.398876 0.060000 0.071161
1 0.871667 0.340824 0.063333 0.059925
1 0.946667 0.312734 0.053333 0.063670
1 0.565000 0.374532 0.056667 0.059925
1 0.571667 0.419476 0.070000 0.052434
1 0.183333 0.408240 0.060000 0.067416
1 0.223333 0.443820 0.060000 0.063670
1 0.548333 0.518727 0.063333 0.056180
1 0.571667 0.556180 0.056667 0.063670
1 0.515000 0.589888 0.056667 0.056180
1 0.486667 0.614232 0.053333 0.059925
1 0.973333 0.520599 0.053333 0.074906
1 0.876667 0.681648 0.060000 0.074906
1 0.820000 0.666667 0.060000 0.074906
1 0.820000 0.794007 0.073333 0.074906
1 0.856667 0.838951 0.066667 0.074906
1 0.685000 0.831461 0.076667 0.074906
1 0.475000 0.883895 0.063333 0.044944
1 0.035000 0.764045 0.056667 0.067416
1 0.060000 0.795880 0.066667 0.063670
1 0.128333 0.867041 0.043333 0.056180
