1 0.154321 0.942029 0.045267 0.057971
1 0.308642 0.896135 0.057613 0.072464
1 0.244856 0.835749 0.028807 0.048309
1 0.228395 0.898551 0.053498 0.048309
1 0.275720 0.828502 0.032922 0.043478
1 0.329218 0.830918 0.057613 0.057971
1 0.310700 0.760870 0.053498 0.062802
1 0.246914 0.741546 0.057613 0.082126
1 0.382716 0.804348 0.049383 0.062802
1 0.473251 0.794686 0.049383 0.053140
1 0.368313 0.748792 0.053498 0.057971
1 0.477366 0.712560 0.057613 0.062802
1 0.323045 0.644928 0.061728 0.053140
1 0.308642 0.707729 0.065844 0.062802
1 0.382716 0.642512 0.041152 0.057971
1 0.425926 0.611111 0.045267 0.053140
1 0.493827 0.632850 0.057613 0.067633
1 0.362140 0.579710 0.041152 0.057971
1 0.596708 0.649758 0.041152 0.043478
1 0.574074 0.541063 0.061728 0.057971
1 0.637860 0.562802 0.041152 0.062802
1 0.697531 0.557971 0.045267 0.053140
1 0.808642 0.536232 0.069959 0.057971
1 0.676955 0.613527 0.045267 0.038647
1 0.403292 0.543478 0.041152 0.053140
1 0.465021 0.405797 0.057613 0.067633
1 0.532922 0.451691 0.069959 0.062802
1 0.588477 0.475845 0.041152 0.062802
1 0.736626 0.439614 0.041152 0.057971
1 0.648148 0.497585 0.045267 0.048309
1 0.786008 0.362319 0.049383 0.057971
1 0.761317 0.297101 0.049383 0.053140
1 0.670782 0.328502 0.049383 0.048309
1 0.600823 0.340580 0.049383 0.053140
1 0.473251 0.340580 0.057613 0.053140
1 0.541152 0.309179 0.061728 0.057971
1 0.713992 0.243961 0.045267 0.053140
1 0.720165 0.176329 0.049383 0.062802
1 0.660494 0.253623 0.037037 0.053140
1 0.609053 0.236715 0.049383 0.048309
1 0.427984 0.299517 0.057613 0.057971
1 0.413580 0.219807 0.053498 0.062802
1 0.477366 0.185990 0.041152 0.043478
1 0.574074 0.181159 0.037037 0.053140
1 0.617284 0.132850 0.049383 0.062802
1 0.685185 0.386473 0.045267 0.048309
