1 0.138158 0.254386 0.048246 0.043860
1 0.081140 0.280702 0.048246 0.043860
1 0.157895 0.293860 0.052632 0.035088
1 0.223684 0.157895 0.052632 0.052632
1 0.342105 0.190789 0.035088 0.039474
1 0.313596 0.203947 0.030702 0.030702
1 0.322368 0.239035 0.048246 0.039474
1 0.370614 0.212719 0.030702 0.048246
1 0.394737 0.195175 0.026316 0.039474
1 0.449561 0.166667 0.039474 0.035088
1 0.565789 0.221491 0.043860 0.048246
1 0.633772 0.254386 0.039474 0.043860
1 0.629386 0.217105 0.039474 0.039474
1 0.747807 0.239035 0.039474 0.030702
1 0.679825 0.353070 0.035088 0.030702
1 0.697368 0.377193 0.035088 0.035088
1 0.927632 0.491228 0.039474 0.043860
1 0.493421 0.320175 0.048246 0.043860
1 0.541667 0.331140 0.039474 0.039474
1 0.497807 0.357456 0.039474 0.039474
1 0.596491 0.438596 0.052632 0.052632
1 0.232456 0.350877 0.035088 0.043860
1 0.243421 0.372807 0.048246 0.035088
1 0.192982 0.364035 0.043860 0.043860
1 0.282895 0.368421 0.039474 0.043860
1 0.089912 0.434211 0.039474 0.043860
1 0.331140 0.346491 0.048246 0.035088
1 0.250000 0.469298 0.035088 0.043860
1 0.289474 0.484649 0.052632 0.039474
1 0.484649 0.473684 0.039474 0.043860
1 0.605263 0.508772 0.043860 0.043860
1 0.475877 0.517544 0.039474 0.035088
1 0.449561 0.607456 0.048246 0.048246
1 0.515351 0.605263 0.039474 0.043860
1 0.567982 0.546053 0.039474 0.030702
1 0.524123 0.528509 0.039474 0.039474
1 0.741228 0.596491 0.035088 0.035088
1 0.585526 0.692982 0.039474 0.052632
1 0.629386 0.714912 0.048246 0.043860
1 0.625000 0.787281 0.039474 0.039474
1 0.951754 0.756579 0.043860 0.048246
1 0.951754 0.699561 0.043860 0.048246
1 0.721491 0.614035 0.030702 0.043860
1 0.425439 0.692982 0.043860 0.052632
1 0.405702 0.824561 0.039474 0.043860
1 0.225877 0.565789 0.048246 0.052632
1 0.096491 0.701754 0.052632 0.043860
1 0.019737 0.673246 0.030702 0.057018
1 0.175439 0.607456 0.035088 0.039474
1 0.364035 0.436404 0.035088 0.039474
1 0.024123 0.416667 0.039474 0.052632
1 0.043860 0.552632 0.043860 0.035088
1 0.131579 0.144737 0.043860 0.035088
1 0.721491 0.311404 0.048246 0.043860
1 0.298246 0.719298 0.043860 0.043860
1 0.598684 0.368421 0.048246 0.043860
1 0.418860 0.421053 0.048246 0.043860
1 0.949561 0.254386 0.048246 0.043860
1 0.934211 0.627193 0.043860 0.043860
1 0.914474 0.684211 0.048246 0.052632
