1 0.885000 0.047980 0.043333 0.075758
1 0.848333 0.073232 0.036667 0.065657
1 0.928333 0.111111 0.036667 0.060606
1 0.971667 0.313131 0.036667 0.060606
1 0.945000 0.191919 0.036667 0.060606
1 0.960000 0.436869 0.040000 0.065657
1 0.973333 0.494949 0.040000 0.060606
1 0.903333 0.550505 0.040000 0.070707
1 0.950000 0.570707 0.040000 0.070707
1 0.825000 0.454545 0.036667 0.060606
1 0.656667 0.035354 0.046667 0.060606
1 0.728333 0.151515 0.043333 0.070707
1 0.720000 0.209596 0.040000 0.065657
1 0.735000 0.265152 0.036667 0.065657
1 0.663333 0.244949 0.046667 0.065657
1 0.680000 0.305556 0.053333 0.065657
1 0.683333 0.194444 0.033333 0.055556
1 0.638333 0.191919 0.043333 0.060606
1 0.593333 0.108586 0.040000 0.065657
1 0.553333 0.106061 0.046667 0.070707
1 0.496667 0.070707 0.046667 0.070707
1 0.623333 0.260101 0.040000 0.045455
1 0.630000 0.325758 0.046667 0.075758
1 0.581667 0.257576 0.043333 0.070707
1 0.536667 0.297980 0.046667 0.060606
1 0.533333 0.356061 0.040000 0.065657
1 0.576667 0.373737 0.046667 0.070707
1 0.618333 0.457071 0.036667 0.055556
1 0.630000 0.560606 0.040000 0.060606
1 0.681667 0.616162 0.043333 0.060606
1 0.676667 0.681818 0.046667 0.070707
1 0.656667 0.739899 0.040000 0.085859
1 0.695000 0.762626 0.036667 0.060606
1 0.630000 0.621212 0.040000 0.060606
1 0.621667 0.712121 0.036667 0.070707
1 0.595000 0.681818 0.036667 0.070707
1 0.583333 0.472222 0.040000 0.055556
1 0.585000 0.565657 0.043333 0.070707
1 0.496667 0.356061 0.033333 0.055556
1 0.478333 0.305556 0.050000 0.065657
1 0.486667 0.209596 0.040000 0.055556
1 0.463333 0.234848 0.033333 0.065657
1 0.423333 0.255051 0.040000 0.055556
1 0.440000 0.318182 0.033333 0.050505
1 0.476667 0.406566 0.040000 0.055556
1 0.515000 0.654040 0.036667 0.055556
1 0.440000 0.694444 0.046667 0.065657
1 0.473333 0.676768 0.033333 0.060606
1 0.475000 0.616162 0.050000 0.060606
1 0.466667 0.555556 0.040000 0.060606
1 0.420000 0.494949 0.040000 0.060606
1 0.353333 0.641414 0.033333 0.060606
1 0.360000 0.709596 0.040000 0.075758
1 0.403333 0.729798 0.046667 0.065657
1 0.416667 0.636364 0.040000 0.060606
1 0.308333 0.621212 0.050000 0.070707
1 0.258333 0.638889 0.043333 0.065657
1 0.533333 0.459596 0.040000 0.060606
1 0.236667 0.810606 0.040000 0.055556
1 0.300000 0.540404 0.040000 0.060606
1 0.345000 0.467172 0.050000 0.055556
1 0.386667 0.452020 0.033333 0.065657
1 0.268333 0.487374 0.036667 0.055556
1 0.248333 0.527778 0.030000 0.045455
1 0.223333 0.595960 0.040000 0.060606
1 0.211667 0.646465 0.036667 0.050505
1 0.061667 0.780303 0.043333 0.065657
1 0.103333 0.681818 0.040000 0.050505
1 0.131667 0.712121 0.036667 0.050505
1 0.165000 0.396465 0.036667 0.065657
1 0.031667 0.532828 0.043333 0.075758
1 0.120000 0.580808 0.040000 0.060606
1 0.145000 0.343434 0.036667 0.070707
1 0.185000 0.265152 0.036667 0.055556
1 0.356667 0.141414 0.033333 0.060606
1 0.458333 0.098485 0.036667 0.045455
1 0.336667 0.232323 0.033333 0.050505
1 0.370000 0.250000 0.026667 0.045455
1 0.276667 0.194444 0.040000 0.055556
1 0.256667 0.244949 0.033333 0.045455
1 0.316667 0.073232 0.046667 0.065657
1 0.281667 0.146465 0.030000 0.050505
1 0.113333 0.247475 0.040000 0.050505
1 0.116667 0.305556 0.040000 0.065657
1 0.090000 0.376263 0.033333 0.055556
1 0.140000 0.527778 0.040000 0.055556
1 0.061667 0.333333 0.043333 0.060606
1 0.275000 0.391414 0.043333 0.065657
1 0.333333 0.300505 0.040000 0.055556
1 0.043333 0.277778 0.040000 0.060606
1 0.150000 0.164141 0.033333 0.045455
1 0.216667 0.113636 0.046667 0.055556
1 0.025000 0.146465 0.043333 0.070707
1 0.053333 0.116162 0.033333 0.060606
1 0.056667 0.050505 0.046667 0.060606
1 0.056667 0.204545 0.040000 0.055556
1 0.065000 0.489899 0.036667 0.060606
1 0.068333 0.654040 0.036667 0.065657
