1 0.150000 0.268041 0.046667 0.072165
1 0.406667 0.229381 0.046667 0.077320
1 0.460000 0.317010 0.053333 0.077320
1 0.355000 0.239691 0.036667 0.067010
1 0.330000 0.270619 0.040000 0.056701
1 0.276667 0.319588 0.040000 0.072165
1 0.306667 0.342784 0.040000 0.067010
1 0.435000 0.492268 0.050000 0.077320
1 0.585000 0.378866 0.043333 0.056701
1 0.591667 0.430412 0.043333 0.067010
1 0.970000 0.371134 0.033333 0.061856
1 0.890000 0.595361 0.033333 0.067010
1 0.865000 0.631443 0.036667 0.056701
1 0.680000 0.729381 0.033333 0.067010
1 0.645000 0.716495 0.036667 0.061856
1 0.533333 0.731959 0.046667 0.072165
1 0.526667 0.801546 0.040000 0.067010
1 0.435000 0.809278 0.050000 0.072165
1 0.320000 0.556701 0.046667 0.072165
1 0.280000 0.538660 0.046667 0.077320
1 0.153333 0.682990 0.040000 0.067010
1 0.128333 0.713918 0.043333 0.056701
1 0.236667 0.523196 0.033333 0.056701
1 0.226667 0.551546 0.033333 0.051546
1 0.290000 0.652062 0.046667 0.077320
1 0.340000 0.770619 0.040000 0.067010
1 0.323333 0.801546 0.040000 0.056701
1 0.216667 0.775773 0.046667 0.056701
