1 0.210821 0.260638 0.070896 0.085106
1 0.194030 0.340426 0.059701 0.085106
1 0.136194 0.359043 0.070896 0.090426
1 0.134328 0.510638 0.059701 0.085106
1 0.180970 0.470745 0.048507 0.079787
1 0.326493 0.505319 0.048507 0.085106
1 0.378731 0.486702 0.048507 0.101064
1 0.419776 0.507979 0.048507 0.090426
1 0.354478 0.582447 0.059701 0.090426
1 0.401119 0.595745 0.055970 0.095745
1 0.240672 0.707447 0.063433 0.085106
1 0.250000 0.648936 0.059701 0.085106
1 0.285448 0.768617 0.063433 0.090426
1 0.630597 0.441489 0.059701 0.085106
1 0.690299 0.462766 0.059701 0.074468
1 0.595149 0.473404 0.063433 0.085106
1 0.578358 0.531915 0.067164 0.085106
1 0.639925 0.545213 0.063433 0.090426
1 0.699627 0.531915 0.063433 0.074468
1 0.576493 0.630319 0.063433 0.079787
1 0.652985 0.648936 0.067164 0.095745
1 0.567164 0.704787 0.067164 0.079787
1 0.651119 0.734043 0.070896 0.074468
1 0.850746 0.345745 0.067164 0.085106
1 0.783582 0.359043 0.067164 0.090426
1 0.783582 0.438830 0.059701 0.079787
1 0.845149 0.409574 0.063433 0.095745
1 0.889925 0.481383 0.055970 0.079787
1 0.832090 0.510638 0.059701 0.085106
1 0.783582 0.574468 0.059701 0.085106
1 0.904851 0.555851 0.055970 0.079787
1 0.860075 0.585106 0.048507 0.063830
1 0.820896 0.630319 0.067164 0.079787
1 0.654851 0.656915 0.070896 0.090426
