1 0.063333 0.304270 0.033333 0.024911
1 0.031667 0.318505 0.023333 0.024911
1 0.018333 0.336299 0.016667 0.024911
1 0.246667 0.065836 0.026667 0.039146
1 0.306667 0.213523 0.026667 0.035587
1 0.303333 0.272242 0.040000 0.046263
1 0.276667 0.307829 0.026667 0.039146
1 0.265000 0.361210 0.023333 0.032028
1 0.308333 0.396797 0.030000 0.032028
1 0.453333 0.145907 0.040000 0.035587
1 0.415000 0.209964 0.043333 0.035587
1 0.440000 0.238434 0.026667 0.035587
1 0.501667 0.126335 0.023333 0.024911
1 0.503333 0.156584 0.040000 0.028470
1 0.616667 0.110320 0.040000 0.035587
1 0.656667 0.120996 0.033333 0.035587
1 0.630000 0.183274 0.033333 0.032028
1 0.703333 0.195730 0.033333 0.042705
1 0.611667 0.277580 0.036667 0.028470
1 0.035000 0.437722 0.043333 0.028470
1 0.191667 0.537367 0.036667 0.042705
1 0.233333 0.569395 0.026667 0.035587
1 0.075000 0.533808 0.030000 0.035587
1 0.168333 0.610320 0.030000 0.039146
1 0.336667 0.713523 0.040000 0.039146
1 0.488333 0.485765 0.023333 0.039146
1 0.565000 0.435943 0.023333 0.032028
1 0.586667 0.482206 0.040000 0.039146
1 0.621667 0.532028 0.030000 0.032028
1 0.653333 0.576512 0.033333 0.035587
1 0.633333 0.588968 0.026667 0.032028
1 0.606667 0.674377 0.040000 0.039146
1 0.533333 0.718861 0.020000 0.035587
1 0.735000 0.658363 0.030000 0.035587
1 0.751667 0.693950 0.023333 0.028470
1 0.803333 0.690391 0.033333 0.028470
1 0.668333 0.288256 0.030000 0.028470
1 0.695000 0.281139 0.030000 0.042705
1 0.723333 0.272242 0.026667 0.039146
1 0.738333 0.307829 0.030000 0.046263
1 0.770000 0.309609 0.026667 0.035587
1 0.766667 0.277580 0.033333 0.028470
1 0.896667 0.170819 0.033333 0.028470
1 0.948333 0.192171 0.036667 0.028470
1 0.980000 0.364769 0.026667 0.032028
1 0.815000 0.357651 0.030000 0.032028
1 0.950000 0.217082 0.026667 0.028470
1 0.833333 0.473310 0.033333 0.035587
1 0.868333 0.476868 0.030000 0.028470
1 0.913333 0.544484 0.033333 0.035587
1 0.670000 0.759786 0.033333 0.032028
1 0.815000 0.770463 0.030000 0.039146
1 0.840000 0.772242 0.026667 0.028470
1 0.083333 0.882562 0.040000 0.028470
1 0.118333 0.900356 0.036667 0.028470
1 0.150000 0.841637 0.033333 0.032028
1 0.348333 0.775801 0.036667 0.028470
1 0.311667 0.827402 0.030000 0.032028
1 0.373333 0.884342 0.033333 0.039146
1 0.281667 0.866548 0.030000 0.032028
1 0.303333 0.882562 0.033333 0.035587
1 0.501667 0.898577 0.036667 0.032028
