1 0.870000 0.479167 0.046667 0.050000
1 0.965000 0.591667 0.056667 0.066667
1 0.760000 0.647917 0.040000 0.037500
1 0.760000 0.681250 0.040000 0.037500
1 0.673333 0.660417 0.040000 0.062500
1 0.643333 0.677083 0.033333 0.054167
1 0.726667 0.775000 0.026667 0.050000
1 0.748333 0.789583 0.030000 0.045833
1 0.661667 0.812500 0.036667 0.058333
1 0.636667 0.831250 0.040000 0.054167
1 0.576667 0.756250 0.040000 0.062500
1 0.893333 0.247917 0.053333 0.070833
1 0.893333 0.127083 0.053333 0.062500
1 0.930000 0.058333 0.033333 0.050000
1 0.958333 0.058333 0.036667 0.058333
1 0.868333 0.029167 0.050000 0.050000
1 0.800000 0.064583 0.046667 0.037500
1 0.805000 0.091667 0.043333 0.041667
1 0.835000 0.166667 0.056667 0.066667
1 0.793333 0.252083 0.046667 0.062500
1 0.791667 0.397917 0.043333 0.045833
1 0.748333 0.495833 0.036667 0.041667
1 0.731667 0.516667 0.036667 0.041667
1 0.641667 0.331250 0.043333 0.070833
1 0.711667 0.304167 0.050000 0.066667
1 0.678333 0.204167 0.036667 0.058333
1 0.703333 0.183333 0.040000 0.058333
1 0.723333 0.087500 0.053333 0.066667
1 0.641667 0.066667 0.063333 0.075000
1 0.595000 0.137500 0.043333 0.058333
1 0.556667 0.133333 0.040000 0.058333
1 0.586667 0.256250 0.053333 0.062500
1 0.636667 0.454167 0.040000 0.058333
1 0.706667 0.416667 0.053333 0.058333
1 0.603333 0.447917 0.026667 0.054167
1 0.638333 0.545833 0.043333 0.050000
1 0.655000 0.577083 0.043333 0.054167
1 0.578333 0.629167 0.043333 0.041667
1 0.560000 0.535417 0.046667 0.062500
1 0.570000 0.372917 0.046667 0.054167
1 0.541667 0.350000 0.043333 0.058333
1 0.590000 0.256250 0.040000 0.054167
1 0.643333 0.052083 0.040000 0.054167
1 0.543333 0.877083 0.040000 0.045833
1 0.496667 0.779167 0.046667 0.066667
1 0.481667 0.868750 0.043333 0.045833
1 0.421667 0.839583 0.036667 0.054167
1 0.376667 0.781250 0.046667 0.054167
1 0.440000 0.731250 0.040000 0.045833
1 0.503333 0.639583 0.040000 0.054167
1 0.476667 0.643750 0.026667 0.045833
1 0.456667 0.558333 0.033333 0.058333
1 0.430000 0.566667 0.033333 0.058333
1 0.523333 0.477083 0.040000 0.062500
1 0.500000 0.504167 0.046667 0.041667
1 0.491667 0.408333 0.043333 0.050000
1 0.526667 0.281250 0.046667 0.062500
1 0.506667 0.175000 0.040000 0.050000
1 0.530000 0.072917 0.033333 0.054167
1 0.450000 0.110417 0.040000 0.054167
1 0.505000 0.072917 0.030000 0.054167
1 0.460000 0.220833 0.026667 0.050000
1 0.453333 0.304167 0.046667 0.058333
1 0.418333 0.381250 0.056667 0.062500
1 0.435000 0.472917 0.050000 0.054167
1 0.376667 0.543750 0.046667 0.054167
1 0.373333 0.514583 0.046667 0.045833
1 0.375000 0.622917 0.050000 0.045833
1 0.315000 0.714583 0.036667 0.045833
1 0.320000 0.816667 0.040000 0.058333
1 0.296667 0.691667 0.040000 0.050000
1 0.316667 0.600000 0.053333 0.066667
1 0.343333 0.331250 0.033333 0.054167
1 0.341667 0.445833 0.043333 0.058333
1 0.363333 0.252083 0.033333 0.062500
1 0.396667 0.258333 0.046667 0.066667
1 0.396667 0.166667 0.046667 0.058333
1 0.428333 0.183333 0.036667 0.058333
1 0.395000 0.083333 0.050000 0.058333
1 0.370000 0.047917 0.046667 0.054167
1 0.433333 0.025000 0.053333 0.041667
1 0.250000 0.864583 0.046667 0.062500
1 0.210000 0.808333 0.053333 0.050000
1 0.228333 0.741667 0.043333 0.050000
1 0.275000 0.516667 0.043333 0.058333
1 0.261667 0.422917 0.043333 0.054167
1 0.295000 0.277083 0.043333 0.054167
1 0.331667 0.200000 0.043333 0.066667
1 0.341667 0.129167 0.050000 0.058333
1 0.300000 0.054167 0.046667 0.058333
1 0.303333 0.025000 0.053333 0.041667
1 0.216667 0.150000 0.040000 0.066667
1 0.231667 0.229167 0.050000 0.050000
1 0.218333 0.258333 0.043333 0.050000
1 0.131667 0.833333 0.043333 0.066667
1 0.098333 0.822917 0.043333 0.054167
1 0.040000 0.847917 0.046667 0.070833
1 0.121667 0.752083 0.043333 0.054167
1 0.161667 0.706250 0.050000 0.062500
1 0.215000 0.622917 0.050000 0.062500
1 0.236667 0.589583 0.046667 0.070833
1 0.203333 0.535417 0.046667 0.062500
1 0.131667 0.558333 0.043333 0.066667
1 0.105000 0.547917 0.043333 0.054167
1 0.173333 0.485417 0.033333 0.062500
1 0.201667 0.441667 0.036667 0.058333
1 0.241667 0.350000 0.036667 0.066667
1 0.208333 0.354167 0.036667 0.058333
1 0.145000 0.406250 0.050000 0.054167
1 0.131667 0.450000 0.050000 0.050000
1 0.098333 0.681250 0.043333 0.054167
1 0.165000 0.635417 0.036667 0.054167
1 0.128333 0.629167 0.043333 0.058333
1 0.026667 0.658333 0.040000 0.058333
1 0.046667 0.541667 0.033333 0.058333
1 0.096667 0.420833 0.046667 0.058333
1 0.038333 0.429167 0.036667 0.058333
1 0.050000 0.322917 0.046667 0.054167
1 0.106667 0.352083 0.040000 0.062500
1 0.170000 0.191667 0.046667 0.058333
1 0.178333 0.089583 0.043333 0.054167
1 0.251667 0.054167 0.043333 0.058333
1 0.071667 0.089583 0.050000 0.070833
1 0.111667 0.079167 0.043333 0.058333
1 0.123333 0.127083 0.046667 0.045833
1 0.126667 0.181250 0.040000 0.054167
1 0.081667 0.216667 0.043333 0.058333
1 0.163333 0.302083 0.046667 0.054167
