1 0.051667 0.775556 0.043333 0.048889
1 0.040000 0.817778 0.040000 0.053333
1 0.163333 0.744444 0.053333 0.057778
1 0.185000 0.797778 0.030000 0.057778
1 0.215000 0.795556 0.036667 0.062222
1 0.298333 0.864444 0.050000 0.057778
1 0.351667 0.184444 0.043333 0.066667
1 0.138333 0.180000 0.056667 0.057778
1 0.313333 0.131111 0.046667 0.066667
1 0.358333 0.051111 0.050000 0.057778
1 0.495000 0.084444 0.043333 0.062222
1 0.398333 0.437778 0.056667 0.066667
1 0.366667 0.600000 0.053333 0.071111
1 0.555000 0.633333 0.043333 0.084444
1 0.638333 0.746667 0.050000 0.071111
1 0.713333 0.546667 0.040000 0.053333
1 0.916667 0.573333 0.033333 0.053333
1 0.736667 0.491111 0.033333 0.048889
1 0.721667 0.473333 0.036667 0.048889
1 0.790000 0.482222 0.046667 0.066667
1 0.838333 0.440000 0.050000 0.062222
1 0.606667 0.271111 0.046667 0.053333
1 0.603333 0.342222 0.040000 0.053333
1 0.841667 0.188889 0.043333 0.057778
1 0.795000 0.340000 0.043333 0.066667
1 0.758333 0.391111 0.043333 0.062222
1 0.791667 0.251111 0.036667 0.057778
