1 0.265000 0.113734 0.043333 0.064378
1 0.126667 0.208155 0.040000 0.064378
1 0.095000 0.216738 0.036667 0.055794
1 0.348333 0.169528 0.050000 0.055794
1 0.618333 0.042918 0.043333 0.051502
1 0.665000 0.092275 0.043333 0.047210
1 0.748333 0.051502 0.043333 0.060086
1 0.830000 0.156652 0.046667 0.064378
1 0.830000 0.240343 0.053333 0.060086
1 0.866667 0.354077 0.046667 0.064378
1 0.876667 0.435622 0.046667 0.064378
1 0.890000 0.635193 0.046667 0.051502
1 0.796667 0.459227 0.040000 0.042918
1 0.728333 0.231760 0.036667 0.060086
1 0.696667 0.240343 0.040000 0.051502
1 0.663333 0.167382 0.033333 0.042918
1 0.638333 0.199571 0.030000 0.038627
1 0.655000 0.221030 0.030000 0.038627
1 0.483333 0.244635 0.033333 0.042918
1 0.655000 0.392704 0.036667 0.047210
1 0.340000 0.328326 0.040000 0.047210
1 0.626667 0.459227 0.040000 0.051502
1 0.680000 0.517167 0.046667 0.064378
1 0.581667 0.553648 0.043333 0.060086
1 0.770000 0.547210 0.046667 0.047210
1 0.780000 0.583691 0.040000 0.042918
1 0.726667 0.641631 0.046667 0.055794
1 0.676667 0.663090 0.046667 0.055794
1 0.696667 0.755365 0.040000 0.051502
1 0.680000 0.791845 0.040000 0.047210
1 0.640000 0.830472 0.040000 0.055794
1 0.681667 0.854077 0.050000 0.060086
1 0.811667 0.869099 0.036667 0.038627
1 0.536667 0.860515 0.046667 0.055794
1 0.281667 0.472103 0.050000 0.051502
1 0.310000 0.628755 0.040000 0.064378
1 0.318333 0.746781 0.043333 0.068670
1 0.243333 0.626609 0.033333 0.051502
1 0.221667 0.628755 0.030000 0.047210
1 0.383333 0.351931 0.040000 0.051502
1 0.018333 0.755365 0.030000 0.051502
