1 0.097713 0.858025 0.037422 0.037037
1 0.635135 0.712346 0.051975 0.051852
1 0.533264 0.700000 0.039501 0.056790
1 0.497921 0.674074 0.039501 0.049383
1 0.432432 0.770370 0.041580 0.049383
1 0.413721 0.722222 0.045738 0.051852
1 0.459459 0.672840 0.041580 0.061728
1 0.076923 0.930864 0.041580 0.054321
1 0.300416 0.851852 0.043659 0.059259
1 0.169439 0.819753 0.043659 0.054321
1 0.350312 0.680247 0.027027 0.051852
1 0.414761 0.590123 0.047817 0.064198
1 0.424116 0.662963 0.033264 0.056790
1 0.460499 0.607407 0.039501 0.049383
1 0.532225 0.585185 0.054054 0.064198
1 0.930353 0.675309 0.043659 0.056790
1 0.979210 0.375309 0.041580 0.069136
1 0.740125 0.334568 0.049896 0.056790
1 0.726611 0.386420 0.047817 0.061728
1 0.728690 0.495062 0.051975 0.056790
1 0.651767 0.375309 0.035343 0.049383
1 0.667360 0.419753 0.045738 0.049383
1 0.648649 0.455556 0.041580 0.051852
1 0.624740 0.530864 0.039501 0.059259
1 0.311850 0.130864 0.041580 0.059259
1 0.202703 0.302469 0.047817 0.061728
1 0.175676 0.443210 0.051975 0.056790
1 0.139293 0.566667 0.049896 0.056790
1 0.135135 0.620988 0.058212 0.051852
1 0.137214 0.675309 0.054054 0.061728
1 0.115385 0.727160 0.051975 0.056790
1 0.137214 0.767901 0.054054 0.054321
1 0.158004 0.706173 0.045738 0.064198
1 0.260915 0.666667 0.039501 0.054321
1 0.364865 0.637037 0.039501 0.054321
1 0.331601 0.639506 0.047817 0.049383
1 0.376299 0.513580 0.041580 0.059259
1 0.409563 0.491358 0.045738 0.049383
1 0.284823 0.369136 0.054054 0.061728
1 0.454262 0.466667 0.047817 0.064198
1 0.528067 0.407407 0.041580 0.049383
1 0.569647 0.382716 0.045738 0.064198
1 0.543659 0.496296 0.039501 0.054321
1 0.223493 0.522222 0.035343 0.066667
1 0.345114 0.370370 0.041580 0.059259
1 0.332640 0.750617 0.045738 0.059259
1 0.259875 0.712346 0.049896 0.061728
