1 0.637066 0.306701 0.054054 0.077320
1 0.669884 0.345361 0.050193 0.072165
1 0.586873 0.368557 0.061776 0.087629
1 0.631274 0.402062 0.050193 0.072165
1 0.598456 0.422680 0.046332 0.061856
1 0.330116 0.451031 0.050193 0.067010
1 0.274131 0.523196 0.054054 0.056701
1 0.279923 0.479381 0.050193 0.061856
1 0.762548 0.440722 0.042471 0.067010
1 0.714286 0.363402 0.038610 0.077320
1 0.718147 0.445876 0.046332 0.097938
1 0.777992 0.376289 0.042471 0.072165
1 0.575290 0.675258 0.054054 0.061856
1 0.650579 0.257732 0.042471 0.061856
