2 0.140000 0.107595 0.033333 0.063291
2 0.183333 0.086498 0.040000 0.054852
2 0.188333 0.145570 0.030000 0.054852
2 0.121667 0.242616 0.043333 0.029536
2 0.020000 0.329114 0.020000 0.050633
2 0.033333 0.375527 0.026667 0.059072
2 0.013333 0.392405 0.020000 0.059072
2 0.065000 0.329114 0.036667 0.042194
2 0.058333 0.379747 0.030000 0.067511
2 0.113333 0.335443 0.046667 0.046414
2 0.081667 0.438819 0.036667 0.050633
2 0.168333 0.337553 0.043333 0.025316
2 0.193333 0.297468 0.026667 0.046414
2 0.126667 0.272152 0.040000 0.046414
2 0.160000 0.238397 0.033333 0.054852
2 0.291667 0.101266 0.036667 0.059072
2 0.330000 0.037975 0.033333 0.067511
2 0.323333 0.099156 0.033333 0.063291
2 0.306667 0.162447 0.026667 0.063291
2 0.503333 0.126582 0.040000 0.059072
2 0.455000 0.149789 0.030000 0.054852
2 0.406667 0.189873 0.046667 0.050633
2 0.325000 0.223629 0.030000 0.059072
2 0.255000 0.263713 0.036667 0.063291
2 0.301667 0.270042 0.023333 0.059072
2 0.118333 0.723629 0.043333 0.063291
2 0.161667 0.651899 0.043333 0.046414
2 0.160000 0.670886 0.060000 0.025316
2 0.160000 0.691983 0.040000 0.033755
2 0.601667 0.063291 0.030000 0.075949
2 0.668333 0.078059 0.036667 0.071730
2 0.830000 0.217300 0.026667 0.063291
2 0.933333 0.333333 0.053333 0.042194
2 0.968333 0.373418 0.030000 0.054852
2 0.645000 0.229958 0.043333 0.037975
2 0.593333 0.248945 0.040000 0.050633
2 0.638333 0.194093 0.036667 0.059072
2 0.971667 0.487342 0.036667 0.063291
2 0.951667 0.622363 0.023333 0.063291
2 0.890000 0.824895 0.026667 0.071730
2 0.865000 0.824895 0.036667 0.037975
2 0.771667 0.858650 0.030000 0.063291
2 0.846667 0.736287 0.026667 0.063291
2 0.835000 0.611814 0.023333 0.059072
2 0.783333 0.641350 0.026667 0.075949
2 0.768333 0.632911 0.023333 0.059072
2 0.745000 0.664557 0.023333 0.063291
2 0.630000 0.694093 0.040000 0.063291
2 0.663333 0.571730 0.020000 0.063291
2 0.510000 0.069620 0.026667 0.063291
2 0.406667 0.223629 0.040000 0.059072
2 0.210000 0.514768 0.026667 0.050633
2 0.270000 0.727848 0.033333 0.054852
2 0.368333 0.723629 0.030000 0.071730
2 0.305000 0.797468 0.043333 0.067511
2 0.315000 0.841772 0.036667 0.046414
2 0.313333 0.753165 0.046667 0.046414
2 0.341667 0.740506 0.036667 0.046414
2 0.291667 0.616034 0.030000 0.059072
2 0.340000 0.502110 0.033333 0.075949
2 0.258333 0.383966 0.023333 0.059072
2 0.285000 0.388186 0.023333 0.059072
2 0.263333 0.535865 0.033333 0.050633
2 0.133333 0.791139 0.026667 0.037975
2 0.170000 0.808017 0.020000 0.054852
2 0.195000 0.734177 0.030000 0.059072
2 0.320000 0.666667 0.020000 0.050633
2 0.158333 0.510549 0.050000 0.042194
2 0.176667 0.409283 0.033333 0.042194
2 0.238333 0.417722 0.023333 0.059072
2 0.358333 0.335443 0.036667 0.063291
2 0.401667 0.305907 0.016667 0.054852
2 0.415000 0.331224 0.023333 0.054852
2 0.430000 0.282700 0.026667 0.050633
2 0.408333 0.411392 0.036667 0.054852
2 0.391667 0.508439 0.023333 0.063291
2 0.368333 0.495781 0.023333 0.063291
2 0.376667 0.571730 0.040000 0.063291
2 0.248333 0.575949 0.036667 0.037975
2 0.375000 0.643460 0.030000 0.037975
2 0.416667 0.590717 0.026667 0.059072
2 0.436667 0.609705 0.020000 0.046414
2 0.408333 0.660338 0.023333 0.054852
2 0.405000 0.740506 0.030000 0.071730
2 0.440000 0.742616 0.040000 0.050633
2 0.375000 0.869198 0.063333 0.050633
2 0.358333 0.799578 0.043333 0.046414
2 0.418333 0.818565 0.030000 0.059072
2 0.480000 0.761603 0.026667 0.063291
2 0.435000 0.869198 0.050000 0.042194
2 0.575000 0.845992 0.043333 0.063291
2 0.601667 0.782700 0.030000 0.080169
2 0.536667 0.622363 0.033333 0.080169
2 0.548333 0.681435 0.030000 0.063291
2 0.511667 0.586498 0.036667 0.050633
2 0.541667 0.548523 0.043333 0.042194
2 0.478333 0.664557 0.023333 0.063291
2 0.508333 0.683544 0.030000 0.059072
2 0.475000 0.497890 0.023333 0.059072
2 0.535000 0.415612 0.023333 0.054852
2 0.438333 0.478903 0.036667 0.063291
2 0.305000 0.428270 0.023333 0.063291
2 0.490000 0.424051 0.033333 0.063291
2 0.498333 0.282700 0.036667 0.067511
2 0.541667 0.202532 0.030000 0.050633
2 0.453333 0.267932 0.026667 0.063291
2 0.573333 0.421941 0.046667 0.059072
2 0.541667 0.377637 0.016667 0.054852
2 0.563333 0.320675 0.040000 0.059072
2 0.590000 0.708861 0.033333 0.075949
2 0.616667 0.487342 0.033333 0.054852
2 0.641667 0.491561 0.036667 0.054852
2 0.608333 0.537975 0.056667 0.029536
2 0.546667 0.476793 0.040000 0.059072
2 0.660000 0.438819 0.040000 0.042194
2 0.678333 0.175105 0.036667 0.037975
2 0.725000 0.200422 0.043333 0.054852
2 0.701667 0.261603 0.030000 0.059072
2 0.656667 0.299578 0.060000 0.033755
2 0.766667 0.274262 0.026667 0.050633
2 0.776667 0.322785 0.040000 0.054852
2 0.751667 0.364979 0.056667 0.046414
2 0.915000 0.265823 0.036667 0.067511
2 0.825000 0.430380 0.030000 0.067511
2 0.871667 0.481013 0.056667 0.042194
2 0.858333 0.362869 0.023333 0.050633
2 0.663333 0.373418 0.040000 0.054852
2 0.900000 0.594937 0.046667 0.059072
2 0.920000 0.571730 0.033333 0.063291
2 0.741667 0.550633 0.036667 0.063291
2 0.788333 0.556962 0.030000 0.067511
2 0.793333 0.409283 0.026667 0.050633
2 0.711667 0.694093 0.050000 0.046414
2 0.723333 0.613924 0.026667 0.054852
2 0.738333 0.732068 0.036667 0.054852
2 0.628333 0.778481 0.036667 0.054852
2 0.731667 0.871308 0.036667 0.054852
2 0.911667 0.767932 0.036667 0.059072
2 0.983333 0.694093 0.033333 0.054852
2 0.966667 0.877637 0.026667 0.067511
2 0.930000 0.890295 0.053333 0.042194
2 0.866667 0.537975 0.033333 0.063291
2 0.908333 0.219409 0.030000 0.050633
2 0.633333 0.624473 0.033333 0.050633
2 0.691667 0.489451 0.023333 0.059072
2 0.448333 0.088608 0.030000 0.059072
2 0.261667 0.641350 0.036667 0.050633
2 0.170000 0.860759 0.053333 0.050633
