2 0.138158 0.228070 0.039474 0.035088
2 0.166667 0.236842 0.035088 0.035088
2 0.035088 0.311404 0.035088 0.043860
2 0.024123 0.357456 0.030702 0.057018
2 0.046053 0.399123 0.030702 0.052632
2 0.089912 0.403509 0.039474 0.052632
2 0.260965 0.399123 0.030702 0.061404
2 0.333333 0.377193 0.052632 0.035088
2 0.379386 0.377193 0.039474 0.043860
2 0.015351 0.478070 0.021930 0.043860
2 0.105263 0.497807 0.052632 0.057018
2 0.151316 0.513158 0.039474 0.043860
2 0.186404 0.528509 0.057018 0.030702
2 0.239035 0.504386 0.039474 0.052632
2 0.041667 0.234649 0.030702 0.048246
2 0.151316 0.651316 0.030702 0.057018
2 0.098684 0.668860 0.030702 0.048246
2 0.195175 0.677632 0.030702 0.048246
2 0.370614 0.633772 0.057018 0.030702
2 0.342105 0.708333 0.061404 0.030702
2 0.423246 0.677632 0.030702 0.048246
2 0.407895 0.530702 0.026316 0.052632
2 0.368421 0.543860 0.026316 0.043860
2 0.269737 0.701754 0.030702 0.052632
2 0.087719 0.276316 0.035088 0.052632
2 0.625000 0.348684 0.057018 0.039474
2 0.622807 0.372807 0.052632 0.026316
2 0.706140 0.429825 0.052632 0.043860
2 0.710526 0.449561 0.061404 0.030702
2 0.717105 0.475877 0.057018 0.039474
2 0.451754 0.539474 0.035088 0.052632
2 0.475877 0.537281 0.030702 0.057018
2 0.361842 0.756579 0.048246 0.048246
2 0.219298 0.815789 0.026316 0.043860
2 0.442982 0.741228 0.035088 0.052632
2 0.513158 0.666667 0.043860 0.035088
2 0.712719 0.721491 0.030702 0.057018
2 0.651316 0.745614 0.039474 0.052632
2 0.208333 0.763158 0.048246 0.043860
2 0.339912 0.879386 0.030702 0.048246
2 0.798246 0.495614 0.043860 0.035088
2 0.833333 0.434211 0.035088 0.035088
2 0.846491 0.267544 0.026316 0.052632
2 0.894737 0.293860 0.026316 0.043860
2 0.787281 0.287281 0.030702 0.048246
2 0.482456 0.469298 0.035088 0.043860
2 0.388158 0.473684 0.030702 0.043860
2 0.442982 0.388158 0.026316 0.048246
2 0.278509 0.491228 0.048246 0.026316
2 0.469298 0.655702 0.026316 0.048246
2 0.019737 0.708333 0.030702 0.048246
2 0.649123 0.440789 0.043860 0.030702
2 0.859649 0.203947 0.052632 0.030702
2 0.682018 0.239035 0.048246 0.048246
2 0.975877 0.370614 0.030702 0.057018
2 0.364035 0.846491 0.043860 0.035088
