2 0.527197 0.106635 0.100418 0.165877
2 0.870293 0.227488 0.117155 0.132701
2 0.640167 0.255924 0.083682 0.246445
2 0.684100 0.364929 0.037657 0.142180
2 0.602510 0.428910 0.225941 0.080569
2 0.393305 0.255924 0.267782 0.142180
2 0.539749 0.473934 0.225941 0.151659
2 0.447699 0.526066 0.175732 0.123223
2 0.407950 0.559242 0.121339 0.075829
2 0.301255 0.582938 0.192469 0.075829
2 0.102510 0.485782 0.121339 0.146919
2 0.096234 0.533175 0.142259 0.118483
2 0.211297 0.627962 0.154812 0.052133
2 0.439331 0.798578 0.117155 0.156398
2 0.543933 0.748815 0.083682 0.208531
2 0.930962 0.772512 0.138075 0.075829
2 0.953975 0.253555 0.092050 0.080569
2 0.541841 0.334123 0.046025 0.137441
2 0.939331 0.883886 0.121339 0.099526
2 0.926778 0.940758 0.096234 0.109005
2 0.393305 0.895735 0.092050 0.180095
