2 0.256667 0.132411 0.033333 0.067194
2 0.173333 0.187747 0.033333 0.043478
2 0.020000 0.260870 0.033333 0.039526
2 0.383333 0.252964 0.033333 0.039526
2 0.551667 0.229249 0.036667 0.055336
2 0.173333 0.065217 0.040000 0.051383
2 0.325000 0.142292 0.030000 0.047431
2 0.630000 0.035573 0.040000 0.039526
2 0.648333 0.112648 0.023333 0.067194
2 0.743333 0.096838 0.040000 0.059289
2 0.871667 0.140316 0.043333 0.043478
2 0.940000 0.158103 0.066667 0.047431
2 0.693333 0.164032 0.046667 0.043478
2 0.731667 0.171937 0.023333 0.059289
2 0.748333 0.158103 0.016667 0.063241
2 0.873333 0.270751 0.046667 0.035573
2 0.830000 0.282609 0.046667 0.027668
2 0.798333 0.304348 0.043333 0.031621
2 0.760000 0.252964 0.040000 0.047431
2 0.716667 0.330040 0.033333 0.067194
2 0.703333 0.264822 0.033333 0.047431
2 0.641667 0.296443 0.036667 0.047431
2 0.605000 0.292490 0.036667 0.047431
2 0.555000 0.353755 0.036667 0.043478
2 0.620000 0.405138 0.026667 0.067194
2 0.518333 0.375494 0.030000 0.055336
2 0.495000 0.428854 0.036667 0.043478
2 0.455000 0.415020 0.043333 0.031621
2 0.186667 0.235178 0.033333 0.043478
2 0.056667 0.418972 0.033333 0.047431
2 0.025000 0.432806 0.036667 0.043478
2 0.305000 0.415020 0.043333 0.055336
2 0.231667 0.385375 0.043333 0.035573
2 0.088333 0.557312 0.050000 0.039526
2 0.248333 0.679842 0.043333 0.063241
2 0.490000 0.523715 0.040000 0.035573
2 0.363333 0.436759 0.033333 0.067194
2 0.901667 0.498024 0.023333 0.047431
2 0.843333 0.525692 0.046667 0.031621
2 0.678333 0.584980 0.043333 0.047431
2 0.688333 0.709486 0.030000 0.051383
2 0.311667 0.480237 0.036667 0.051383
2 0.943333 0.648221 0.026667 0.071146
2 0.900000 0.727273 0.040000 0.047431
2 0.883333 0.833992 0.040000 0.063241
2 0.636667 0.810277 0.053333 0.047431
2 0.285000 0.669960 0.030000 0.059289
2 0.193333 0.620553 0.046667 0.047431
2 0.181667 0.476285 0.036667 0.043478
2 0.240000 0.270751 0.026667 0.059289
2 0.970000 0.106719 0.040000 0.039526
2 0.981667 0.583004 0.036667 0.051383
2 0.813333 0.754941 0.026667 0.063241
2 0.703333 0.664032 0.046667 0.031621
2 0.716667 0.507905 0.026667 0.059289
2 0.415000 0.268775 0.043333 0.039526
2 0.613333 0.857708 0.033333 0.047431
2 0.721667 0.027668 0.036667 0.047431
