2 0.142544 0.247807 0.171053 0.092105
2 0.228070 0.236842 0.087719 0.140351
2 0.103070 0.480263 0.092105 0.135965
2 0.271930 0.717105 0.096491 0.171053
2 0.414474 0.548246 0.057018 0.184211
2 0.510965 0.607456 0.048246 0.188596
2 0.600877 0.578947 0.114035 0.157895
2 0.449561 0.629386 0.074561 0.171053
2 0.649123 0.342105 0.140351 0.140351
2 0.975877 0.583333 0.030702 0.157895
2 0.914474 0.736842 0.057018 0.192982
2 0.826754 0.258772 0.048246 0.157895
2 0.958333 0.232456 0.074561 0.140351
2 0.506579 0.289474 0.188596 0.114035
