2 0.381250 0.090476 0.037500 0.171429
2 0.420833 0.085714 0.041667 0.161905
2 0.518750 0.123810 0.220833 0.123810
2 0.518750 0.204762 0.220833 0.057143
2 0.737500 0.328571 0.133333 0.219048
2 0.125000 0.121429 0.241667 0.080952
2 0.127083 0.161905 0.245833 0.066667
2 0.339583 0.178571 0.220833 0.119048
2 0.281250 0.311905 0.229167 0.090476
2 0.141667 0.397619 0.200000 0.166667
2 0.558333 0.309524 0.325000 0.152381
2 0.466667 0.390476 0.225000 0.095238
2 0.360417 0.416667 0.220833 0.128571
2 0.333333 0.519048 0.166667 0.180952
2 0.281250 0.588095 0.137500 0.214286
2 0.300000 0.683333 0.083333 0.300000
2 0.404167 0.716667 0.100000 0.261905
2 0.479167 0.633333 0.175000 0.228571
2 0.510417 0.602381 0.229167 0.300000
2 0.533333 0.545238 0.141667 0.233333
2 0.583333 0.533333 0.175000 0.228571
2 0.745833 0.602381 0.050000 0.271429
2 0.852083 0.647619 0.137500 0.238095
2 0.504167 0.876190 0.133333 0.238095
2 0.237500 0.964286 0.225000 0.071429
2 0.802083 0.830952 0.129167 0.166667
2 0.920833 0.842857 0.100000 0.228571
2 0.652083 0.761905 0.062500 0.266667
2 0.722917 0.864286 0.054167 0.271429
