2 0.170940 0.122685 0.162393 0.106481
2 0.121795 0.321759 0.175214 0.060185
2 0.155983 0.458333 0.055556 0.194444
2 0.091880 0.569444 0.055556 0.185185
2 0.205128 0.608796 0.068376 0.180556
2 0.136752 0.807870 0.145299 0.106481
2 0.230769 0.775463 0.085470 0.180556
2 0.290598 0.768519 0.085470 0.175926
2 0.322650 0.916667 0.106838 0.166667
2 0.455128 0.099537 0.175214 0.060185
2 0.540598 0.138889 0.166667 0.055556
2 0.675214 0.083333 0.102564 0.129630
2 0.628205 0.175926 0.162393 0.055556
2 0.685897 0.194444 0.149573 0.101852
2 0.606838 0.282407 0.170940 0.083333
2 0.628205 0.381944 0.059829 0.180556
2 0.867521 0.210648 0.162393 0.106481
2 0.811966 0.270833 0.153846 0.078704
2 0.923077 0.335648 0.059829 0.189815
2 0.769231 0.574074 0.042735 0.194444
2 0.826923 0.553241 0.072650 0.180556
2 0.589744 0.703704 0.162393 0.092593
2 0.651709 0.780093 0.166667 0.060185
2 0.893162 0.750000 0.145299 0.129630
2 0.865385 0.916667 0.175214 0.074074
2 0.914530 0.884259 0.153846 0.064815
