0 0.423246 0.355263 0.057018 0.035088
0 0.375000 0.394737 0.030702 0.043860
0 0.028509 0.168860 0.048246 0.048246
0 0.166667 0.313596 0.026316 0.039474
0 0.517544 0.214912 0.035088 0.026316
0 0.813596 0.291667 0.039474 0.030702
0 0.717105 0.201754 0.039474 0.035088
0 0.539474 0.271930 0.026316 0.026316
0 0.173246 0.379386 0.030702 0.030702
0 0.232456 0.609649 0.035088 0.026316
0 0.684211 0.399123 0.026316 0.026316
0 0.346491 0.282895 0.026316 0.030702
0 0.041667 0.432018 0.030702 0.039474
0 0.504386 0.614035 0.026316 0.035088
0 0.451754 0.201754 0.035088 0.035088
0 0.366228 0.765351 0.039474 0.039474
0 0.971491 0.179825 0.030702 0.035088
0 0.471491 0.394737 0.030702 0.026316
0 0.103070 0.482456 0.021930 0.035088
0 0.519737 0.677632 0.039474 0.048246
0 0.436404 0.480263 0.039474 0.057018
0 0.271930 0.554825 0.035088 0.039474
0 0.921053 0.445175 0.035088 0.030702
0 0.824561 0.517544 0.043860 0.043860
0 0.421053 0.572368 0.035088 0.030702
