0 0.406250 0.216667 0.054167 0.080952
0 0.550000 0.140476 0.091667 0.080952
0 0.610417 0.216667 0.062500 0.080952
0 0.633333 0.307143 0.058333 0.100000
0 0.291667 0.250000 0.066667 0.090476
0 0.441667 0.335714 0.083333 0.090476
0 0.333333 0.385714 0.091667 0.076190
0 0.762500 0.616667 0.083333 0.080952
0 0.627083 0.619048 0.054167 0.066667
0 0.597917 0.659524 0.062500 0.071429
0 0.285417 0.342857 0.079167 0.076190
0 0.735417 0.680952 0.062500 0.057143
0 0.733333 0.728571 0.066667 0.076190
0 0.812500 0.750000 0.050000 0.061905
0 0.725000 0.795238 0.058333 0.066667
0 0.743750 0.845238 0.104167 0.080952
0 0.570833 0.771429 0.058333 0.085714
0 0.608333 0.735714 0.041667 0.071429
0 0.635417 0.769048 0.054167 0.061905
0 0.635417 0.861905 0.062500 0.085714
0 0.314583 0.561905 0.095833 0.085714
0 0.377083 0.685714 0.087500 0.066667
0 0.385417 0.745238 0.095833 0.071429
0 0.160417 0.628571 0.079167 0.095238
0 0.133333 0.723810 0.058333 0.114286
0 0.141667 0.830952 0.083333 0.100000
0 0.262500 0.873810 0.083333 0.071429
0 0.345833 0.866667 0.083333 0.085714
