0 0.205761 0.100962 0.098765 0.125000
0 0.100823 0.259615 0.086420 0.125000
0 0.248971 0.237981 0.111111 0.100962
0 0.360082 0.125000 0.111111 0.096154
0 0.641975 0.050481 0.074074 0.091346
0 0.701646 0.060096 0.078189 0.100962
0 0.705761 0.158654 0.078189 0.096154
0 0.652263 0.175481 0.069959 0.120192
0 0.448560 0.144231 0.065844 0.057692
0 0.460905 0.187500 0.065844 0.057692
0 0.487654 0.240385 0.053498 0.067308
0 0.401235 0.319712 0.102881 0.091346
0 0.890947 0.449519 0.086420 0.081731
0 0.829218 0.492788 0.061728 0.100962
0 0.868313 0.519231 0.049383 0.115385
0 0.806584 0.331731 0.049383 0.086538
0 0.761317 0.365385 0.065844 0.096154
0 0.711934 0.341346 0.065844 0.096154
0 0.502058 0.375000 0.074074 0.115385
0 0.438272 0.396635 0.078189 0.091346
0 0.306584 0.435096 0.078189 0.110577
0 0.261317 0.350962 0.094650 0.096154
0 0.141975 0.562500 0.078189 0.134615
0 0.238683 0.545673 0.115226 0.110577
0 0.257202 0.701923 0.086420 0.134615
0 0.434156 0.694712 0.078189 0.120192
0 0.825103 0.805288 0.078189 0.129808
0 0.777778 0.829327 0.098765 0.091346
0 0.775720 0.930288 0.078189 0.110577
0 0.950617 0.935096 0.098765 0.110577
0 0.837449 0.939904 0.069959 0.091346
0 0.390947 0.846154 0.074074 0.134615
0 0.454733 0.858173 0.078189 0.110577
0 0.514403 0.576923 0.074074 0.105769
0 0.469136 0.497596 0.074074 0.110577
0 0.539095 0.478365 0.090535 0.091346
0 0.541152 0.259615 0.094650 0.086538
