0 0.216981 0.103448 0.132075 0.114943
0 0.273585 0.189655 0.113208 0.103448
0 0.169811 0.212644 0.113208 0.126437
0 0.070755 0.275862 0.103774 0.091954
0 0.155660 0.316092 0.084906 0.080460
0 0.080189 0.373563 0.084906 0.103448
0 0.103774 0.511494 0.132075 0.172414
0 0.325472 0.258621 0.084906 0.126437
0 0.264151 0.385057 0.094340 0.172414
0 0.212264 0.534483 0.103774 0.172414
0 0.358491 0.396552 0.094340 0.172414
0 0.311321 0.517241 0.094340 0.114943
0 0.504717 0.114943 0.103774 0.183908
0 0.603774 0.218391 0.132075 0.137931
0 0.740566 0.086207 0.122642 0.103448
0 0.943396 0.126437 0.094340 0.206897
0 0.849057 0.183908 0.113208 0.160920
0 0.759434 0.218391 0.122642 0.160920
0 0.740566 0.333333 0.160377 0.160920
0 0.075472 0.862069 0.094340 0.183908
0 0.216981 0.798851 0.150943 0.126437
0 0.155660 0.936782 0.103774 0.126437
0 0.240566 0.913793 0.141509 0.172414
0 0.438679 0.632184 0.122642 0.160920
0 0.943396 0.321839 0.113208 0.160920
0 0.457547 0.396552 0.084906 0.103448
0 0.721698 0.442529 0.122642 0.126437
0 0.698113 0.551724 0.094340 0.114943
0 0.537736 0.591954 0.094340 0.149425
0 0.504717 0.741379 0.122642 0.149425
0 0.622642 0.919540 0.113208 0.137931
0 0.745283 0.954023 0.132075 0.091954
0 0.556604 0.425287 0.075472 0.091954
