0 0.136201 0.295580 0.107527 0.182320
0 0.222222 0.359116 0.107527 0.187845
0 0.462366 0.157459 0.121864 0.160221
0 0.376344 0.287293 0.107527 0.176796
0 0.519713 0.273481 0.150538 0.182320
0 0.417563 0.406077 0.089606 0.149171
0 0.496416 0.428177 0.089606 0.182320
0 0.775986 0.168508 0.075269 0.138122
0 0.844086 0.270718 0.089606 0.143646
0 0.725806 0.317680 0.118280 0.149171
0 0.829749 0.406077 0.089606 0.149171
0 0.715054 0.190608 0.082437 0.127072
0 0.754480 0.433702 0.075269 0.127072
0 0.842294 0.643646 0.078853 0.138122
0 0.811828 0.718232 0.096774 0.110497
0 0.655914 0.651934 0.093190 0.132597
0 0.587814 0.704420 0.078853 0.149171
0 0.645161 0.781768 0.086022 0.138122
0 0.829749 0.795580 0.075269 0.099448
0 0.431900 0.657459 0.089606 0.154696
0 0.362007 0.720994 0.093190 0.171271
0 0.143369 0.643646 0.100358 0.127072
0 0.195341 0.751381 0.082437 0.132597
