0 0.424797 0.253659 0.077236 0.087805
0 0.373984 0.292683 0.081301 0.078049
0 0.430894 0.346341 0.065041 0.087805
0 0.365854 0.380488 0.056911 0.087805
0 0.707317 0.112195 0.073171 0.097561
0 0.750000 0.153659 0.085366 0.102439
0 0.674797 0.478049 0.089431 0.087805
0 0.642276 0.587805 0.065041 0.102439
0 0.752033 0.602439 0.065041 0.102439
0 0.711382 0.626829 0.056911 0.112195
0 0.221545 0.734146 0.085366 0.092683
0 0.262195 0.787805 0.060976 0.082927
0 0.321138 0.841463 0.065041 0.112195
0 0.237805 0.860976 0.069106 0.092683
