0 0.257202 0.147343 0.069959 0.072464
0 0.290123 0.178744 0.069959 0.067633
0 0.228395 0.207729 0.061728 0.067633
0 0.580247 0.171498 0.057613 0.091787
0 0.547325 0.253623 0.057613 0.082126
0 0.487654 0.222222 0.061728 0.086957
0 0.740741 0.391304 0.057613 0.067633
0 0.707819 0.432367 0.074074 0.062802
0 0.685185 0.381643 0.053498 0.077295
0 0.532922 0.427536 0.045267 0.062802
0 0.588477 0.417874 0.057613 0.053140
0 0.565844 0.471014 0.069959 0.053140
0 0.288066 0.415459 0.049383 0.067633
0 0.300412 0.475845 0.049383 0.062802
0 0.257202 0.490338 0.045267 0.072464
0 0.627572 0.647343 0.061728 0.077295
0 0.582305 0.676329 0.069959 0.077295
0 0.248971 0.434783 0.045267 0.067633
0 0.742798 0.657005 0.061728 0.057971
0 0.489712 0.765700 0.065844 0.062802
0 0.442387 0.804348 0.053498 0.082126
0 0.495885 0.838164 0.061728 0.072464
0 0.294239 0.741546 0.053498 0.072464
0 0.244856 0.782609 0.045267 0.067633
0 0.296296 0.814010 0.049383 0.072464
0 0.251029 0.840580 0.049383 0.067633
0 0.604938 0.847826 0.032922 0.043478
0 0.617284 0.816425 0.049383 0.057971
0 0.744856 0.748792 0.041152 0.077295
