0 0.280075 0.322751 0.086466 0.222222
0 0.372180 0.404762 0.135338 0.153439
0 0.381579 0.539683 0.146617 0.137566
0 0.308271 0.637566 0.090226 0.206349
0 0.223684 0.637566 0.093985 0.227513
0 0.165414 0.513228 0.142857 0.116402
0 0.193609 0.388889 0.109023 0.164021
0 0.671053 0.338624 0.086466 0.222222
0 0.763158 0.407407 0.127820 0.148148
0 0.768797 0.534392 0.146617 0.116402
0 0.695489 0.640212 0.090226 0.190476
0 0.607143 0.650794 0.101504 0.190476
0 0.597744 0.399471 0.105263 0.132275
0 0.563910 0.526455 0.105263 0.089947
