0 0.703557 0.213568 0.039526 0.065327
0 0.745059 0.185930 0.051383 0.070352
0 0.768775 0.236181 0.059289 0.070352
0 0.812253 0.417085 0.027668 0.060302
0 0.837945 0.459799 0.031621 0.035176
0 0.780632 0.454774 0.043478 0.045226
0 0.577075 0.482412 0.047431 0.050251
0 0.373518 0.306533 0.059289 0.060302
0 0.209486 0.359296 0.063241 0.075377
0 0.144269 0.329146 0.051383 0.085427
0 0.148221 0.645729 0.051383 0.055276
0 0.130435 0.713568 0.047431 0.080402
0 0.541502 0.711055 0.031621 0.045226
0 0.573123 0.733668 0.047431 0.040201
0 0.557312 0.783920 0.031621 0.070352
0 0.519763 0.753769 0.043478 0.030151
0 0.729249 0.685930 0.035573 0.045226
0 0.855731 0.665829 0.035573 0.065327
0 0.901186 0.713568 0.063241 0.070352
0 0.863636 0.753769 0.043478 0.070352
0 0.337945 0.781407 0.043478 0.075377
0 0.559289 0.540201 0.035573 0.065327
0 0.529644 0.477387 0.039526 0.040201
0 0.517787 0.527638 0.039526 0.060302
0 0.237154 0.683417 0.055336 0.070352
0 0.199605 0.645729 0.035573 0.045226
