0 0.636704 0.309524 0.059925 0.089947
0 0.254682 0.396825 0.067416 0.084656
0 0.211610 0.423280 0.056180 0.074074
0 0.207865 0.513228 0.078652 0.116402
0 0.280899 0.571429 0.082397 0.116402
0 0.318352 0.420635 0.059925 0.089947
0 0.308989 0.513228 0.078652 0.074074
0 0.685393 0.333333 0.037453 0.105820
0 0.524345 0.428571 0.097378 0.063492
0 0.522472 0.505291 0.093633 0.068783
0 0.754682 0.507937 0.101124 0.126984
0 0.655431 0.621693 0.074906 0.153439
0 0.595506 0.619048 0.052434 0.095238
0 0.569288 0.560847 0.082397 0.126984
0 0.743446 0.587302 0.078652 0.095238
