0 0.255396 0.273481 0.064748 0.204420
0 0.325540 0.279006 0.075540 0.215470
0 0.374101 0.375691 0.107914 0.165746
0 0.392086 0.477901 0.115108 0.093923
0 0.395683 0.577348 0.115108 0.138122
0 0.345324 0.679558 0.086331 0.198895
0 0.307554 0.533149 0.068345 0.104972
0 0.293165 0.436464 0.068345 0.110497
0 0.230216 0.486188 0.057554 0.099448
0 0.190647 0.320442 0.107914 0.165746
0 0.149281 0.436464 0.133094 0.088398
0 0.143885 0.519337 0.136691 0.088398
0 0.147482 0.607735 0.143885 0.099448
0 0.219424 0.723757 0.050360 0.220994
0 0.285971 0.729282 0.053957 0.209945
0 0.676259 0.279006 0.057554 0.215470
0 0.751799 0.301105 0.086331 0.226519
0 0.803957 0.378453 0.111511 0.171271
0 0.823741 0.480663 0.129496 0.110497
0 0.832734 0.596685 0.125899 0.165746
0 0.771583 0.690608 0.089928 0.198895
0 0.703237 0.734807 0.061151 0.220994
0 0.638489 0.726519 0.061151 0.237569
0 0.606115 0.325967 0.104317 0.176796
0 0.561151 0.430939 0.143885 0.110497
0 0.564748 0.535912 0.129496 0.088398
0 0.568345 0.624309 0.122302 0.099448
0 0.649281 0.491713 0.061151 0.099448
0 0.715827 0.458564 0.057554 0.099448
0 0.726619 0.544199 0.071942 0.093923
0 0.674460 0.585635 0.068345 0.110497
