0 0.265152 0.316754 0.090909 0.141361
0 0.191288 0.345550 0.087121 0.136126
0 0.151515 0.442408 0.090909 0.120419
0 0.348485 0.329843 0.075758 0.115183
0 0.395833 0.410995 0.079545 0.099476
0 0.407197 0.528796 0.094697 0.125654
0 0.369318 0.607330 0.094697 0.115183
0 0.339015 0.500000 0.049242 0.109948
0 0.282197 0.484293 0.049242 0.099476
0 0.221591 0.523560 0.056818 0.094241
0 0.246212 0.434555 0.068182 0.083770
0 0.287879 0.565445 0.068182 0.073298
0 0.303030 0.675393 0.083333 0.115183
0 0.683712 0.301047 0.087121 0.141361
0 0.768939 0.308901 0.083333 0.104712
0 0.827652 0.395288 0.087121 0.099476
0 0.833333 0.510471 0.098485 0.130890
0 0.799242 0.594241 0.090909 0.109948
0 0.767045 0.481675 0.056818 0.115183
0 0.738636 0.395288 0.068182 0.078534
0 0.666667 0.429319 0.068182 0.094241
0 0.712121 0.473822 0.053030 0.089005
0 0.609848 0.345550 0.098485 0.146597
0 0.577652 0.447644 0.094697 0.130890
0 0.653409 0.513089 0.056818 0.083770
0 0.719697 0.557592 0.083333 0.068063
0 0.736742 0.649215 0.102273 0.136126
0 0.587121 0.570681 0.090909 0.125654
0 0.651515 0.623037 0.075758 0.125654
0 0.219697 0.636126 0.075758 0.120419
0 0.153409 0.560209 0.087121 0.115183
