0 0.192580 0.342697 0.067138 0.146067
0 0.252650 0.314607 0.053004 0.179775
0 0.333922 0.345506 0.109541 0.162921
0 0.363958 0.426966 0.141343 0.134831
0 0.379859 0.528090 0.123675 0.101124
0 0.328622 0.612360 0.070671 0.123596
0 0.286219 0.660112 0.063604 0.117978
0 0.231449 0.688202 0.053004 0.140449
0 0.167845 0.685393 0.088339 0.179775
0 0.210247 0.539326 0.053004 0.112360
0 0.265018 0.553371 0.049470 0.095506
0 0.266784 0.466292 0.067138 0.101124
0 0.215548 0.463483 0.056537 0.095506
0 0.150177 0.396067 0.081272 0.129213
0 0.106007 0.491573 0.127208 0.106742
0 0.118375 0.592697 0.109541 0.129213
0 0.765018 0.320225 0.053004 0.191011
0 0.830389 0.379213 0.084806 0.151685
0 0.851590 0.469101 0.070671 0.106742
0 0.712014 0.356742 0.074205 0.151685
0 0.660777 0.415730 0.084806 0.134831
0 0.613074 0.502809 0.137809 0.095506
0 0.636042 0.589888 0.091873 0.112360
0 0.715548 0.564607 0.045936 0.106742
0 0.722615 0.463483 0.045936 0.095506
0 0.782686 0.480337 0.060071 0.106742
0 0.775618 0.564607 0.053004 0.095506
0 0.687279 0.665730 0.053004 0.106742
0 0.871025 0.547753 0.081272 0.084270
