0 0.666084 0.340909 0.066434 0.238636
0 0.737762 0.301136 0.069930 0.261364
0 0.840909 0.463068 0.143357 0.176136
0 0.823427 0.607955 0.150350 0.159091
0 0.720280 0.701705 0.055944 0.244318
0 0.627622 0.656250 0.101399 0.210227
0 0.578671 0.474432 0.164336 0.130682
0 0.272727 0.298295 0.069930 0.232955
0 0.367133 0.366477 0.125874 0.210227
0 0.389860 0.539773 0.157343 0.147727
0 0.291958 0.471591 0.052448 0.090909
0 0.256993 0.525568 0.073427 0.096591
0 0.318182 0.684659 0.118881 0.255682
0 0.220280 0.667614 0.097902 0.232955
0 0.132867 0.525568 0.181818 0.142045
0 0.183566 0.338068 0.122378 0.210227
