0 0.207692 0.304124 0.084615 0.123711
0 0.282692 0.304124 0.080769 0.123711
0 0.351923 0.384021 0.073077 0.128866
0 0.165385 0.404639 0.092308 0.118557
0 0.253846 0.396907 0.092308 0.103093
0 0.221154 0.476804 0.080769 0.097938
0 0.159615 0.525773 0.080769 0.113402
0 0.392308 0.494845 0.061538 0.123711
0 0.401923 0.608247 0.080769 0.123711
0 0.313462 0.487113 0.065385 0.108247
0 0.326923 0.597938 0.069231 0.123711
0 0.261538 0.536082 0.069231 0.103093
0 0.178846 0.639175 0.088462 0.123711
0 0.259615 0.690722 0.096154 0.103093
0 0.357692 0.701031 0.100000 0.113402
0 0.244231 0.608247 0.080769 0.103093
0 0.696154 0.195876 0.123077 0.144330
0 0.813462 0.270619 0.119231 0.180412
0 0.813462 0.425258 0.103846 0.170103
0 0.601923 0.311856 0.119231 0.170103
0 0.707692 0.329897 0.100000 0.123711
0 0.551923 0.469072 0.096154 0.154639
0 0.550000 0.626289 0.100000 0.159794
0 0.615385 0.765464 0.107692 0.139175
0 0.728846 0.719072 0.103846 0.170103
0 0.650000 0.448454 0.092308 0.134021
0 0.665385 0.600515 0.100000 0.128866
0 0.734615 0.481959 0.076923 0.159794
