0 0.141304 0.310440 0.079710 0.137363
0 0.204710 0.263736 0.068841 0.120879
0 0.273551 0.255495 0.061594 0.115385
0 0.347826 0.250000 0.065217 0.115385
0 0.411232 0.318681 0.076087 0.120879
0 0.436594 0.401099 0.076087 0.087912
0 0.108696 0.412088 0.086957 0.109890
0 0.108696 0.519231 0.094203 0.093407
0 0.115942 0.634615 0.086957 0.115385
0 0.152174 0.719780 0.065217 0.120879
0 0.221014 0.774725 0.079710 0.142857
0 0.349638 0.769231 0.083333 0.120879
0 0.414855 0.717033 0.076087 0.126374
0 0.438406 0.609890 0.086957 0.109890
0 0.277174 0.516484 0.054348 0.098901
0 0.286232 0.425824 0.065217 0.104396
0 0.291667 0.348901 0.068841 0.082418
0 0.226449 0.379121 0.068841 0.076923
0 0.175725 0.431319 0.047101 0.082418
0 0.173913 0.530220 0.050725 0.104396
0 0.204710 0.634615 0.068841 0.093407
0 0.313406 0.596154 0.068841 0.071429
0 0.275362 0.670330 0.057971 0.065934
0 0.451087 0.516484 0.068841 0.109890
0 0.586957 0.326923 0.086957 0.126374
0 0.646739 0.282967 0.076087 0.126374
0 0.711957 0.252747 0.076087 0.131868
0 0.791667 0.260989 0.061594 0.115385
0 0.853261 0.307692 0.076087 0.131868
0 0.889493 0.401099 0.097826 0.120879
0 0.891304 0.505495 0.079710 0.098901
0 0.550725 0.420330 0.086957 0.104396
0 0.550725 0.532967 0.086957 0.087912
0 0.563406 0.648352 0.076087 0.109890
0 0.601449 0.730769 0.079710 0.120879
0 0.889493 0.612637 0.083333 0.115385
0 0.860507 0.711538 0.090580 0.126374
0 0.795290 0.769231 0.076087 0.142857
0 0.666667 0.769231 0.086957 0.142857
0 0.817029 0.593407 0.047101 0.098901
0 0.666667 0.387363 0.065217 0.082418
0 0.733696 0.359890 0.068841 0.082418
0 0.800725 0.390110 0.050725 0.098901
0 0.621377 0.439560 0.047101 0.087912
0 0.615942 0.541209 0.050725 0.093407
0 0.643116 0.634615 0.068841 0.104396
0 0.717391 0.678571 0.065217 0.093407
0 0.784420 0.667582 0.061594 0.082418
0 0.717391 0.530220 0.057971 0.093407
0 0.681159 0.579670 0.057971 0.093407
0 0.780797 0.497253 0.047101 0.104396
