0 0.391635 0.171875 0.091255 0.093750
0 0.498099 0.213542 0.083650 0.125000
0 0.595057 0.356771 0.102662 0.130208
0 0.298479 0.171875 0.087452 0.083333
0 0.188213 0.216146 0.087452 0.119792
0 0.155894 0.320312 0.083650 0.088542
0 0.752852 0.736979 0.038023 0.078125
0 0.749049 0.460938 0.038023 0.067708
0 0.796578 0.458333 0.034221 0.062500
0 0.714829 0.489583 0.045627 0.062500
0 0.688213 0.531250 0.045627 0.052083
0 0.678707 0.585938 0.049430 0.046875
0 0.690114 0.638021 0.041825 0.046875
0 0.722433 0.684896 0.038023 0.078125
0 0.828897 0.463542 0.030418 0.041667
0 0.794677 0.744792 0.038023 0.062500
0 0.853612 0.716146 0.034221 0.057292
0 0.891635 0.679688 0.041825 0.067708
0 0.895437 0.520833 0.049430 0.062500
0 0.870722 0.460938 0.038023 0.088542
0 0.792776 0.565104 0.041825 0.046875
0 0.794677 0.520833 0.045627 0.052083
0 0.752852 0.520833 0.038023 0.062500
0 0.619772 0.486979 0.076046 0.130208
0 0.600760 0.625000 0.091255 0.135417
0 0.536122 0.265625 0.098859 0.145833
0 0.340304 0.299479 0.110266 0.098958
0 0.439163 0.317708 0.087452 0.125000
0 0.534221 0.518229 0.079848 0.119792
0 0.509506 0.648438 0.083650 0.119792
0 0.557034 0.739583 0.095057 0.145833
0 0.471483 0.804688 0.091255 0.119792
0 0.370722 0.825521 0.102662 0.140625
0 0.268061 0.763021 0.095057 0.130208
0 0.134981 0.432292 0.095057 0.125000
0 0.136882 0.567708 0.098859 0.135417
0 0.180608 0.692708 0.102662 0.135417
0 0.287072 0.518229 0.087452 0.130208
0 0.239544 0.614583 0.106464 0.156250
0 0.211027 0.473958 0.079848 0.145833
0 0.365019 0.489583 0.076046 0.104167
0 0.325095 0.695312 0.095057 0.140625
0 0.444867 0.601562 0.076046 0.109375
0 0.423954 0.716146 0.102662 0.098958
0 0.787072 0.619792 0.045627 0.052083
