0 0.218487 0.186321 0.067227 0.155660
0 0.287815 0.186321 0.063025 0.146226
0 0.355042 0.271226 0.138655 0.070755
0 0.327731 0.353774 0.117647 0.122642
0 0.193277 0.344340 0.117647 0.113208
0 0.151261 0.268868 0.134454 0.094340
0 0.779412 0.188679 0.079832 0.141509
0 0.829832 0.273585 0.147059 0.084906
0 0.806723 0.344340 0.117647 0.094340
0 0.726891 0.389151 0.050420 0.136792
0 0.649160 0.353774 0.113445 0.103774
0 0.707983 0.209906 0.063025 0.108491
0 0.630252 0.245283 0.134454 0.066038
0 0.489496 0.587264 0.054622 0.146226
0 0.556723 0.603774 0.063025 0.160377
0 0.611345 0.667453 0.105042 0.070755
0 0.600840 0.747642 0.117647 0.080189
0 0.436975 0.610849 0.084034 0.127358
0 0.386555 0.658019 0.092437 0.108491
0 0.363445 0.738208 0.130252 0.042453
0 0.384454 0.804245 0.105042 0.089623
0 0.455882 0.851415 0.054622 0.146226
0 0.508403 0.808962 0.050420 0.099057
