0 0.198444 0.290816 0.077821 0.122449
0 0.120623 0.313776 0.116732 0.137755
0 0.081712 0.395408 0.093385 0.147959
0 0.130350 0.461735 0.066148 0.096939
0 0.110895 0.586735 0.097276 0.153061
0 0.262646 0.576531 0.081712 0.122449
0 0.198444 0.604592 0.077821 0.107143
0 0.184825 0.443878 0.066148 0.081633
0 0.243191 0.461735 0.042802 0.086735
0 0.307393 0.505102 0.085603 0.102041
0 0.297665 0.400510 0.081712 0.096939
0 0.272374 0.301020 0.077821 0.112245
0 0.447471 0.173469 0.077821 0.112245
0 0.517510 0.206633 0.070039 0.127551
0 0.556420 0.295918 0.085603 0.112245
0 0.550584 0.395408 0.081712 0.117347
0 0.515564 0.466837 0.097276 0.127551
0 0.428016 0.489796 0.093385 0.122449
0 0.377432 0.201531 0.093385 0.096939
0 0.338521 0.272959 0.070039 0.117347
0 0.340467 0.372449 0.058366 0.091837
0 0.373541 0.459184 0.054475 0.122449
0 0.710117 0.137755 0.105058 0.132653
0 0.811284 0.130102 0.089494 0.127551
0 0.896887 0.188776 0.097276 0.132653
0 0.659533 0.321429 0.066148 0.102041
0 0.698444 0.405612 0.042802 0.107143
0 0.819066 0.454082 0.081712 0.091837
0 0.743191 0.461735 0.070039 0.117347
0 0.879377 0.390306 0.116732 0.117347
0 0.894942 0.293367 0.085603 0.107143
0 0.822957 0.525510 0.066148 0.091837
0 0.891051 0.551020 0.101167 0.112245
0 0.912451 0.665816 0.105058 0.127551
0 0.762646 0.533163 0.077821 0.086735
0 0.702335 0.579082 0.081712 0.107143
0 0.680934 0.668367 0.085603 0.112245
0 0.692607 0.778061 0.085603 0.137755
0 0.760700 0.839286 0.105058 0.137755
