0 0.249064 0.396825 0.056180 0.105820
0 0.320225 0.420635 0.078652 0.100529
0 0.327715 0.473545 0.078652 0.111111
0 0.325843 0.560847 0.067416 0.095238
0 0.205993 0.497354 0.067416 0.095238
0 0.220974 0.555556 0.082397 0.105820
0 0.636704 0.330688 0.052434 0.132275
0 0.676030 0.346561 0.041199 0.132275
0 0.752809 0.515873 0.082397 0.100529
0 0.734082 0.568783 0.104869 0.142857
0 0.576779 0.335979 0.067416 0.100529
0 0.535581 0.439153 0.097378 0.084656
0 0.526217 0.507937 0.093633 0.063492
0 0.561798 0.558201 0.074906 0.111111
0 0.591760 0.597884 0.074906 0.148148
0 0.653558 0.629630 0.063670 0.148148
0 0.717228 0.386243 0.086142 0.116402
