0 0.261667 0.343049 0.063333 0.085202
0 0.346667 0.356502 0.066667 0.103139
0 0.186667 0.434978 0.066667 0.116592
0 0.133333 0.473094 0.053333 0.094170
0 0.130000 0.567265 0.060000 0.103139
0 0.711667 0.255605 0.083333 0.134529
0 0.576667 0.293722 0.033333 0.058296
0 0.538333 0.295964 0.043333 0.053812
0 0.501667 0.327354 0.043333 0.053812
0 0.491667 0.383408 0.056667 0.049327
0 0.471667 0.434978 0.050000 0.071749
0 0.473333 0.491031 0.040000 0.049327
0 0.483333 0.540359 0.060000 0.067265
0 0.585000 0.367713 0.036667 0.080717
0 0.631667 0.356502 0.050000 0.058296
0 0.615000 0.408072 0.050000 0.062780
0 0.685000 0.417040 0.050000 0.062780
0 0.645000 0.437220 0.036667 0.067265
0 0.698333 0.477578 0.056667 0.067265
0 0.696667 0.535874 0.053333 0.067265
0 0.653333 0.493274 0.046667 0.062780
0 0.640000 0.558296 0.053333 0.067265
0 0.678333 0.605381 0.063333 0.071749
0 0.641667 0.639013 0.056667 0.076233
0 0.593333 0.636771 0.053333 0.089686
0 0.563333 0.558296 0.053333 0.076233
0 0.540000 0.612108 0.053333 0.085202
0 0.530000 0.515695 0.053333 0.080717
0 0.551667 0.468610 0.036667 0.067265
0 0.375000 0.450673 0.070000 0.094170
0 0.313333 0.421525 0.053333 0.089686
0 0.346667 0.526906 0.060000 0.085202
0 0.290000 0.502242 0.053333 0.071749
0 0.316667 0.609865 0.073333 0.098655
0 0.250000 0.547085 0.066667 0.080717
0 0.188333 0.542601 0.063333 0.071749
0 0.190000 0.630045 0.073333 0.103139
0 0.246667 0.623318 0.053333 0.089686
0 0.735000 0.751121 0.083333 0.085202
0 0.731667 0.829596 0.123333 0.098655
