0 0.187500 0.149215 0.041667 0.057592
0 0.219697 0.143979 0.030303 0.057592
0 0.259470 0.146597 0.041667 0.062827
0 0.295455 0.178010 0.037879 0.062827
0 0.312500 0.246073 0.041667 0.073298
0 0.282197 0.285340 0.041667 0.047120
0 0.153409 0.201571 0.056818 0.068063
0 0.136364 0.261780 0.037879 0.062827
0 0.168561 0.290576 0.034091 0.036649
0 0.219697 0.259162 0.030303 0.057592
0 0.462121 0.149215 0.060606 0.078534
0 0.520833 0.175393 0.064394 0.089005
0 0.541667 0.264398 0.060606 0.099476
0 0.475379 0.324607 0.079545 0.094241
0 0.405303 0.269634 0.053030 0.089005
0 0.450758 0.235602 0.037879 0.083770
0 0.799242 0.125654 0.075758 0.104712
0 0.738636 0.212042 0.060606 0.099476
0 0.797348 0.240838 0.064394 0.115183
0 0.715909 0.282723 0.090909 0.104712
0 0.742424 0.384817 0.083333 0.109948
0 0.810606 0.583770 0.068182 0.109948
0 0.875000 0.740838 0.068182 0.120419
0 0.810606 0.790576 0.075758 0.094241
0 0.753788 0.842932 0.098485 0.115183
0 0.732955 0.743455 0.079545 0.104712
0 0.748106 0.654450 0.064394 0.094241
0 0.414773 0.541885 0.079545 0.099476
0 0.492424 0.531414 0.075758 0.099476
0 0.562500 0.549738 0.064394 0.094241
0 0.600379 0.625654 0.064394 0.099476
0 0.606061 0.725131 0.083333 0.099476
0 0.558712 0.801047 0.079545 0.104712
0 0.492424 0.842932 0.075758 0.104712
0 0.388258 0.641361 0.064394 0.099476
0 0.384470 0.751309 0.079545 0.099476
0 0.458333 0.617801 0.075758 0.073298
0 0.530303 0.620419 0.060606 0.089005
0 0.490530 0.667539 0.049242 0.089005
0 0.545455 0.698953 0.053030 0.099476
0 0.488636 0.756545 0.068182 0.068063
0 0.428030 0.827225 0.060606 0.104712
0 0.162879 0.520942 0.060606 0.089005
0 0.217803 0.547120 0.041667 0.099476
0 0.272727 0.596859 0.053030 0.094241
0 0.299242 0.675393 0.068182 0.083770
0 0.289773 0.753927 0.064394 0.094241
0 0.240530 0.801047 0.056818 0.094241
0 0.185606 0.780105 0.053030 0.094241
0 0.132576 0.738220 0.060606 0.094241
0 0.107955 0.662304 0.071970 0.078534
0 0.111742 0.578534 0.064394 0.089005
0 0.170455 0.604712 0.037879 0.068063
0 0.214015 0.630890 0.049242 0.068063
0 0.191288 0.704188 0.041667 0.068063
0 0.240530 0.722513 0.049242 0.062827
