0 0.485849 0.126437 0.160377 0.206897
0 0.660377 0.166667 0.150943 0.241379
0 0.787736 0.316092 0.198113 0.241379
0 0.820755 0.540230 0.188679 0.206897
0 0.750000 0.752874 0.198113 0.264368
0 0.603774 0.862069 0.188679 0.229885
0 0.410377 0.810345 0.198113 0.264368
0 0.292453 0.678161 0.207547 0.252874
0 0.259434 0.442529 0.179245 0.241379
0 0.316038 0.218391 0.179245 0.275862
0 0.433962 0.362069 0.132075 0.241379
0 0.580189 0.327586 0.160377 0.218391
0 0.542453 0.488506 0.141509 0.218391
0 0.674528 0.534483 0.141509 0.241379
0 0.561321 0.683908 0.179245 0.172414
0 0.424528 0.580460 0.150943 0.218391
