0 0.323755 0.331606 0.065134 0.082902
0 0.388889 0.373057 0.065134 0.103627
0 0.270115 0.354922 0.080460 0.108808
0 0.229885 0.424870 0.068966 0.103627
0 0.220307 0.510363 0.088123 0.088083
0 0.235632 0.603627 0.088123 0.098446
0 0.275862 0.647668 0.068966 0.103627
0 0.344828 0.645078 0.068966 0.108808
0 0.394636 0.603627 0.068966 0.108808
0 0.415709 0.528497 0.072797 0.103627
0 0.427203 0.448187 0.072797 0.088083
0 0.318008 0.427461 0.061303 0.077720
0 0.291188 0.479275 0.061303 0.077720
0 0.293103 0.562176 0.057471 0.088083
0 0.346743 0.536269 0.057471 0.077720
0 0.695402 0.331606 0.057471 0.113990
0 0.630268 0.362694 0.072797 0.093264
0 0.591954 0.432642 0.072797 0.088083
0 0.582375 0.512953 0.084291 0.082902
0 0.593870 0.603627 0.068966 0.088083
0 0.649425 0.655440 0.065134 0.098446
0 0.712644 0.650259 0.061303 0.108808
0 0.760536 0.603627 0.072797 0.108808
0 0.747126 0.375648 0.053640 0.098446
0 0.787356 0.437824 0.072797 0.088083
0 0.781609 0.520725 0.076628 0.077720
0 0.685824 0.427461 0.053640 0.067358
0 0.653257 0.481865 0.057471 0.072539
0 0.651341 0.556995 0.068966 0.088083
0 0.712644 0.544041 0.061303 0.093264
