0 0.307273 0.560109 0.083636 0.125683
0 0.312727 0.450820 0.072727 0.103825
0 0.298182 0.344262 0.072727 0.120219
0 0.252727 0.254098 0.083636 0.103825
0 0.290909 0.685792 0.087273 0.125683
0 0.236364 0.762295 0.072727 0.125683
0 0.241818 0.606557 0.061818 0.087432
0 0.189091 0.669399 0.065455 0.081967
0 0.236364 0.510929 0.072727 0.103825
0 0.223636 0.346995 0.061818 0.081967
0 0.241818 0.434426 0.061818 0.092896
0 0.158182 0.778689 0.069091 0.114754
0 0.180000 0.254098 0.054545 0.114754
0 0.729091 0.207650 0.069091 0.109290
0 0.790909 0.207650 0.054545 0.120219
0 0.850909 0.275956 0.072727 0.125683
0 0.850909 0.393443 0.072727 0.109290
0 0.687273 0.262295 0.050909 0.087432
0 0.663636 0.341530 0.054545 0.092896
0 0.669091 0.420765 0.065455 0.087432
0 0.790909 0.418033 0.047273 0.081967
0 0.745455 0.281421 0.065455 0.071038
0 0.800000 0.311475 0.043636 0.109290
0 0.709091 0.338798 0.043636 0.087432
0 0.752727 0.346995 0.043636 0.081967
0 0.703636 0.489071 0.054545 0.092896
0 0.758182 0.486339 0.054545 0.109290
0 0.818182 0.489071 0.065455 0.103825
0 0.885455 0.642077 0.054545 0.092896
0 0.943636 0.658470 0.054545 0.114754
0 0.970909 0.745902 0.050909 0.092896
0 0.954545 0.830601 0.061818 0.098361
0 0.907273 0.879781 0.061818 0.087432
0 0.836364 0.644809 0.058182 0.087432
0 0.854545 0.879781 0.058182 0.087432
0 0.865455 0.759563 0.058182 0.076503
0 0.638182 0.702186 0.061818 0.103825
0 0.574545 0.661202 0.065455 0.098361
0 0.521818 0.715847 0.061818 0.076503
0 0.498182 0.797814 0.058182 0.098361
0 0.678182 0.778689 0.061818 0.103825
0 0.705455 0.874317 0.058182 0.098361
0 0.661818 0.959016 0.058182 0.081967
0 0.407273 0.674863 0.050909 0.081967
0 0.416364 0.759563 0.054545 0.076503
0 0.403636 0.836066 0.058182 0.087432
0 0.507273 0.879781 0.047273 0.065574
0 0.530909 0.942623 0.058182 0.071038
