0 0.615000 0.162338 0.083333 0.099567
0 0.701667 0.160173 0.090000 0.129870
0 0.745000 0.287879 0.076667 0.116883
0 0.700000 0.385281 0.093333 0.121212
0 0.610000 0.350649 0.073333 0.112554
0 0.340000 0.179654 0.080000 0.125541
0 0.303333 0.242424 0.080000 0.095238
0 0.323333 0.339827 0.093333 0.099567
0 0.413333 0.372294 0.086667 0.121212
0 0.443333 0.510823 0.113333 0.112554
0 0.461667 0.614719 0.090000 0.095238
0 0.435000 0.705628 0.090000 0.112554
0 0.850000 0.593074 0.046667 0.112554
0 0.885000 0.601732 0.036667 0.103896
0 0.940000 0.629870 0.080000 0.082251
0 0.941667 0.679654 0.063333 0.069264
0 0.876667 0.852814 0.046667 0.112554
0 0.955000 0.772727 0.056667 0.108225
0 0.793333 0.664502 0.080000 0.056277
