0 0.391509 0.155172 0.122642 0.287356
0 0.500000 0.143678 0.113208 0.264368
0 0.632075 0.178161 0.150943 0.264368
0 0.754717 0.293103 0.226415 0.195402
0 0.745283 0.459770 0.245283 0.137931
0 0.712264 0.632184 0.198113 0.229885
0 0.613208 0.770115 0.132075 0.298851
0 0.490566 0.775862 0.113208 0.310345
0 0.358491 0.706897 0.150943 0.195402
0 0.250000 0.586207 0.179245 0.137931
0 0.254717 0.465517 0.207547 0.149425
0 0.287736 0.298851 0.179245 0.206897
0 0.410377 0.436782 0.141509 0.137931
0 0.523585 0.362069 0.103774 0.172414
0 0.575472 0.482759 0.132075 0.160920
0 0.471698 0.563218 0.113208 0.160920
