0 0.258333 0.278802 0.090000 0.133641
0 0.243333 0.177419 0.046667 0.069124
0 0.331667 0.193548 0.050000 0.092166
0 0.311667 0.377880 0.050000 0.073733
0 0.765000 0.338710 0.050000 0.105991
0 0.548333 0.267281 0.030000 0.046083
0 0.863333 0.815668 0.046667 0.082949
0 0.486667 0.797235 0.060000 0.110599
0 0.578333 0.589862 0.083333 0.129032
0 0.625000 0.516129 0.043333 0.073733
0 0.700000 0.488479 0.046667 0.082949
0 0.473333 0.255760 0.033333 0.041475
0 0.545000 0.370968 0.036667 0.050691
0 0.493333 0.304147 0.033333 0.046083
0 0.511667 0.258065 0.036667 0.055300
0 0.446667 0.370968 0.033333 0.059908
0 0.478333 0.375576 0.036667 0.050691
0 0.561667 0.320276 0.030000 0.050691
