0 0.440711 0.158291 0.067194 0.065327
0 0.492095 0.165829 0.051383 0.070352
0 0.511858 0.231156 0.051383 0.060302
0 0.492095 0.271357 0.051383 0.070352
0 0.452569 0.221106 0.035573 0.060302
0 0.405138 0.203518 0.051383 0.055276
0 0.393281 0.258794 0.051383 0.055276
0 0.446640 0.286432 0.047431 0.070352
0 0.754941 0.153266 0.055336 0.065327
0 0.800395 0.158291 0.043478 0.065327
0 0.837945 0.211055 0.055336 0.090452
0 0.820158 0.276382 0.067194 0.080402
0 0.768775 0.286432 0.051383 0.070352
0 0.729249 0.195980 0.051383 0.070352
0 0.729249 0.261307 0.051383 0.080402
0 0.782609 0.221106 0.047431 0.070352
0 0.173913 0.170854 0.055336 0.060302
0 0.191700 0.226131 0.051383 0.060302
0 0.128458 0.153266 0.051383 0.055276
0 0.098814 0.185930 0.047431 0.040201
0 0.092885 0.238693 0.043478 0.045226
0 0.130435 0.273869 0.039526 0.065327
0 0.278656 0.603015 0.075099 0.110553
0 0.322134 0.693467 0.090909 0.120603
0 0.201581 0.597990 0.094862 0.120603
0 0.173913 0.683417 0.094862 0.120603
0 0.243083 0.698492 0.059289 0.090452
0 0.189723 0.778894 0.086957 0.110553
0 0.270751 0.804020 0.090909 0.110553
0 0.794466 0.600503 0.086957 0.125628
0 0.650198 0.756281 0.083004 0.115578
0 0.727273 0.819095 0.094862 0.130653
0 0.812253 0.786432 0.090909 0.115578
0 0.839921 0.678392 0.098814 0.100503
