0 0.209125 0.114583 0.083650 0.114583
0 0.292776 0.184896 0.098859 0.130208
0 0.277567 0.330729 0.106464 0.140625
0 0.193916 0.359375 0.091255 0.114583
0 0.114068 0.291667 0.091255 0.145833
0 0.121673 0.143229 0.091255 0.119792
0 0.176806 0.218750 0.041825 0.072917
0 0.180608 0.273438 0.041825 0.057292
0 0.513308 0.138021 0.106464 0.151042
0 0.610266 0.132812 0.095057 0.171875
0 0.644487 0.250000 0.095057 0.125000
0 0.731939 0.236979 0.102662 0.140625
0 0.830798 0.242188 0.110266 0.151042
0 0.847909 0.369792 0.106464 0.125000
0 0.859316 0.505208 0.106464 0.156250
0 0.752852 0.364583 0.076046 0.125000
0 0.771863 0.486979 0.083650 0.140625
0 0.756654 0.588542 0.083650 0.125000
0 0.684411 0.367188 0.083650 0.140625
0 0.610266 0.309896 0.087452 0.130208
0 0.528517 0.281250 0.091255 0.156250
0 0.498099 0.429688 0.091255 0.151042
0 0.576046 0.372396 0.079848 0.109375
0 0.555133 0.484375 0.091255 0.114583
0 0.648289 0.460938 0.095057 0.109375
0 0.644487 0.549479 0.102662 0.088542
0 0.538023 0.606771 0.095057 0.130208
0 0.593156 0.658854 0.106464 0.119792
0 0.690114 0.630208 0.079848 0.114583
0 0.680608 0.765625 0.098859 0.145833
0 0.779468 0.729167 0.098859 0.145833
0 0.275665 0.505208 0.125475 0.166667
0 0.146388 0.505208 0.117871 0.145833
0 0.307985 0.658854 0.114068 0.171875
0 0.271863 0.799479 0.133080 0.161458
0 0.142586 0.796875 0.125475 0.166667
0 0.098859 0.645833 0.098859 0.177083
0 0.203422 0.695312 0.110266 0.078125
0 0.207224 0.614583 0.110266 0.083333
