0 0.843333 0.041985 0.026667 0.038168
0 0.873333 0.064885 0.033333 0.045802
0 0.810000 0.064885 0.040000 0.038168
0 0.816667 0.097328 0.020000 0.034351
0 0.846667 0.114504 0.026667 0.045802
0 0.331667 0.419847 0.023333 0.053435
0 0.361667 0.427481 0.030000 0.038168
0 0.365000 0.477099 0.036667 0.045802
0 0.255000 0.442748 0.043333 0.053435
0 0.223333 0.520992 0.040000 0.057252
0 0.261667 0.545802 0.050000 0.068702
0 0.295000 0.522901 0.036667 0.053435
0 0.646667 0.551527 0.026667 0.057252
0 0.666667 0.538168 0.020000 0.045802
0 0.695000 0.574427 0.050000 0.064885
0 0.691667 0.625954 0.036667 0.045802
0 0.566667 0.646947 0.026667 0.041985
0 0.591667 0.669847 0.023333 0.034351
0 0.738333 0.127863 0.036667 0.034351
0 0.700000 0.179389 0.033333 0.030534
0 0.713333 0.217557 0.040000 0.053435
0 0.816667 0.177481 0.040000 0.041985
0 0.763333 0.229008 0.033333 0.053435
0 0.896667 0.145038 0.026667 0.045802
0 0.923333 0.169847 0.033333 0.041985
0 0.803333 0.332061 0.046667 0.038168
0 0.853333 0.349237 0.046667 0.049618
0 0.860000 0.391221 0.040000 0.041985
0 0.845000 0.446565 0.043333 0.045802
0 0.783333 0.416031 0.046667 0.053435
0 0.706667 0.719466 0.040000 0.049618
0 0.705000 0.765267 0.030000 0.049618
0 0.750000 0.774809 0.040000 0.053435
0 0.846667 0.541985 0.026667 0.038168
0 0.815000 0.568702 0.023333 0.030534
0 0.868333 0.667939 0.036667 0.061069
0 0.895000 0.631679 0.036667 0.057252
0 0.898333 0.473282 0.030000 0.038168
0 0.860000 0.500000 0.026667 0.038168
0 0.753333 0.702290 0.026667 0.045802
0 0.735000 0.622137 0.036667 0.038168
0 0.638333 0.624046 0.036667 0.049618
