3 0.117133 0.295455 0.101399 0.227273
3 0.108392 0.698864 0.069930 0.261364
3 0.190559 0.696023 0.073427 0.255682
3 0.281469 0.681818 0.094406 0.227273
3 0.234266 0.289773 0.097902 0.227273
3 0.351399 0.286932 0.101399 0.232955
3 0.388112 0.681818 0.083916 0.215909
3 0.536713 0.829545 0.129371 0.170455
3 0.606643 0.713068 0.080420 0.187500
3 0.741259 0.744318 0.069930 0.090909
3 0.774476 0.852273 0.122378 0.147727
3 0.839161 0.713068 0.076923 0.221591
3 0.888112 0.468750 0.076923 0.153409
3 0.807692 0.457386 0.069930 0.232955
3 0.660839 0.460227 0.076923 0.125000
3 0.620629 0.545455 0.073427 0.090909
3 0.582168 0.431818 0.059441 0.227273
3 0.583916 0.250000 0.153846 0.136364
3 0.603147 0.068182 0.143357 0.125000
3 0.828671 0.068182 0.160839 0.102273
3 0.812937 0.252841 0.157343 0.142045
3 0.849650 0.573864 0.076923 0.090909
