4 0.068333 0.065265 0.133333 0.126106
4 0.092500 0.172566 0.138333 0.150442
4 0.239167 0.188053 0.161667 0.128319
4 0.209167 0.294248 0.091667 0.199115
4 0.055833 0.378319 0.078333 0.185841
4 0.151667 0.502212 0.110000 0.194690
4 0.150833 0.644912 0.091667 0.210177
4 0.060000 0.727876 0.103333 0.221239
4 0.076667 0.918142 0.096667 0.154867
4 0.242500 0.780973 0.088333 0.203540
4 0.354167 0.684735 0.101667 0.219027
4 0.291667 0.521018 0.166667 0.130531
4 0.313333 0.399336 0.146667 0.117257
4 0.342500 0.268805 0.155000 0.126106
4 0.410833 0.155973 0.158333 0.126106
4 0.575833 0.235619 0.128333 0.192478
4 0.514167 0.317478 0.115000 0.170354
4 0.484167 0.450221 0.161667 0.130531
4 0.535833 0.547566 0.115000 0.165929
4 0.509167 0.675885 0.158333 0.108407
4 0.447500 0.894912 0.148333 0.143805
4 0.752500 0.181416 0.135000 0.159292
4 0.875833 0.305310 0.151667 0.137168
4 0.822500 0.434735 0.161667 0.126106
4 0.945000 0.075221 0.103333 0.146018
4 0.680000 0.524336 0.090000 0.221239
4 0.617500 0.723451 0.148333 0.137168
4 0.634167 0.859513 0.111667 0.161504
4 0.787500 0.642699 0.098333 0.210177
4 0.852500 0.578540 0.125000 0.161504
4 0.853333 0.914823 0.086667 0.161504
4 0.953333 0.669248 0.093333 0.126106
