4 0.023333 0.111726 0.040000 0.042035
4 0.019167 0.141593 0.035000 0.048673
4 0.058333 0.146018 0.030000 0.057522
4 0.070000 0.099558 0.043333 0.044248
4 0.100833 0.029867 0.028333 0.055310
4 0.120833 0.071903 0.031667 0.046460
4 0.154167 0.030973 0.035000 0.057522
4 0.150833 0.078540 0.035000 0.046460
4 0.201667 0.040929 0.033333 0.064159
4 0.186667 0.085177 0.040000 0.042035
4 0.220833 0.090708 0.041667 0.048673
4 0.149167 0.121681 0.041667 0.035398
4 0.180000 0.113938 0.036667 0.046460
4 0.153333 0.165929 0.046667 0.039823
4 0.106667 0.184735 0.043333 0.037611
4 0.141667 0.205752 0.046667 0.044248
4 0.020000 0.216814 0.033333 0.057522
4 0.047500 0.213496 0.035000 0.046460
4 0.072500 0.220133 0.025000 0.046460
4 0.098333 0.224558 0.033333 0.042035
4 0.130833 0.240044 0.038333 0.037611
4 0.113333 0.267699 0.030000 0.053097
4 0.087500 0.262168 0.025000 0.059735
4 0.061667 0.256637 0.033333 0.053097
4 0.053333 0.289823 0.033333 0.048673
4 0.030000 0.278761 0.023333 0.053097
4 0.013333 0.271018 0.023333 0.055310
4 0.040000 0.332965 0.033333 0.050885
4 0.146667 0.293142 0.026667 0.050885
4 0.166667 0.258850 0.033333 0.048673
4 0.177500 0.296460 0.031667 0.044248
4 0.168333 0.318584 0.030000 0.053097
4 0.204167 0.323009 0.025000 0.057522
4 0.200833 0.253319 0.021667 0.059735
4 0.218333 0.273230 0.030000 0.046460
4 0.023333 0.399336 0.040000 0.042035
4 0.015833 0.457965 0.025000 0.053097
4 0.130833 0.411504 0.035000 0.048673
4 0.043333 0.513274 0.033333 0.057522
4 0.037500 0.565265 0.035000 0.050885
4 0.055000 0.577434 0.030000 0.048673
4 0.075833 0.597345 0.025000 0.048673
4 0.060000 0.620575 0.030000 0.055310
4 0.034167 0.615044 0.028333 0.053097
4 0.035000 0.674779 0.040000 0.044248
4 0.054167 0.658186 0.035000 0.037611
4 0.084167 0.689159 0.035000 0.042035
4 0.042500 0.889381 0.041667 0.039823
4 0.068333 0.866150 0.030000 0.046460
4 0.035833 0.944690 0.028333 0.048673
4 0.075833 0.922566 0.038333 0.039823
4 0.153333 0.856195 0.033333 0.048673
4 0.165000 0.890487 0.036667 0.042035
4 0.127500 0.964602 0.041667 0.035398
4 0.144167 0.705752 0.041667 0.039823
4 0.152500 0.746681 0.025000 0.050885
4 0.172500 0.763274 0.031667 0.053097
4 0.123333 0.647124 0.046667 0.037611
4 0.197500 0.714602 0.038333 0.039823
4 0.215833 0.669248 0.031667 0.046460
4 0.134167 0.560841 0.045000 0.037611
4 0.224167 0.970133 0.028333 0.050885
4 0.266667 0.870575 0.023333 0.055310
4 0.295000 0.884956 0.030000 0.057522
4 0.280000 0.905973 0.036667 0.033186
4 0.275833 0.936947 0.038333 0.033186
4 0.300000 0.961283 0.036667 0.037611
4 0.340000 0.931416 0.036667 0.044248
4 0.362500 0.957965 0.045000 0.035398
4 0.383333 0.918142 0.040000 0.035398
4 0.403333 0.890487 0.036667 0.037611
4 0.430833 0.903761 0.021667 0.050885
4 0.415833 0.945796 0.025000 0.050885
4 0.483333 0.952434 0.030000 0.050885
4 0.496667 0.981195 0.033333 0.037611
4 0.517500 0.920354 0.031667 0.044248
4 0.545000 0.969027 0.030000 0.053097
4 0.565833 0.896018 0.025000 0.053097
4 0.553333 0.838496 0.036667 0.035398
4 0.511667 0.832965 0.030000 0.064159
4 0.419167 0.815265 0.038333 0.042035
4 0.440833 0.830752 0.025000 0.055310
4 0.464167 0.834071 0.018333 0.057522
4 0.485833 0.787611 0.038333 0.035398
4 0.516667 0.765487 0.040000 0.039823
4 0.567500 0.784292 0.038333 0.046460
4 0.579167 0.921460 0.021667 0.055310
4 0.600000 0.897124 0.026667 0.046460
4 0.623333 0.863938 0.036667 0.042035
4 0.599167 0.821903 0.035000 0.046460
4 0.615833 0.798673 0.035000 0.044248
4 0.582500 0.744469 0.045000 0.033186
4 0.468333 0.746681 0.040000 0.037611
4 0.501667 0.728982 0.040000 0.033186
4 0.550833 0.719027 0.045000 0.035398
4 0.691667 0.969027 0.043333 0.030973
4 0.745833 0.944690 0.028333 0.053097
4 0.777500 0.962389 0.041667 0.039823
4 0.772500 0.921460 0.038333 0.042035
4 0.730833 0.867257 0.028333 0.061947
4 0.753333 0.868363 0.026667 0.055310
4 0.833333 0.910398 0.030000 0.050885
4 0.845000 0.886062 0.030000 0.055310
4 0.897500 0.977876 0.028333 0.044248
4 0.947500 0.897124 0.028333 0.050885
4 0.944167 0.823009 0.038333 0.035398
4 0.891667 0.836283 0.030000 0.061947
4 0.860000 0.832965 0.036667 0.050885
4 0.912500 0.773230 0.031667 0.042035
4 0.813333 0.738938 0.036667 0.035398
4 0.764167 0.799779 0.035000 0.046460
4 0.715833 0.787611 0.041667 0.039823
4 0.692500 0.756637 0.041667 0.035398
4 0.662500 0.715708 0.035000 0.046460
4 0.783333 0.659292 0.036667 0.053097
4 0.755000 0.653761 0.026667 0.055310
4 0.700833 0.626106 0.035000 0.048673
4 0.680000 0.638274 0.026667 0.055310
4 0.620000 0.660398 0.036667 0.042035
4 0.986667 0.745575 0.026667 0.053097
4 0.862500 0.559735 0.031667 0.057522
4 0.987500 0.575221 0.025000 0.048673
4 0.805000 0.607301 0.030000 0.042035
4 0.789167 0.582965 0.038333 0.028761
4 0.772500 0.598451 0.035000 0.046460
4 0.750000 0.571903 0.046667 0.033186
4 0.682500 0.581858 0.035000 0.048673
4 0.660000 0.527655 0.040000 0.037611
4 0.645000 0.580752 0.030000 0.055310
4 0.620833 0.569690 0.021667 0.055310
4 0.571667 0.610619 0.040000 0.039823
4 0.560000 0.651549 0.040000 0.046460
4 0.358333 0.684735 0.030000 0.055310
4 0.432500 0.726770 0.035000 0.046460
4 0.468333 0.690265 0.030000 0.048673
4 0.492500 0.668142 0.031667 0.061947
4 0.514167 0.638274 0.028333 0.059735
4 0.556667 0.547566 0.040000 0.033186
4 0.590000 0.550885 0.030000 0.044248
4 0.514167 0.553097 0.035000 0.057522
4 0.502500 0.584071 0.041667 0.030973
4 0.429167 0.646018 0.035000 0.053097
4 0.395000 0.658186 0.036667 0.055310
4 0.403333 0.579646 0.040000 0.035398
4 0.448333 0.564159 0.030000 0.039823
4 0.426667 0.530973 0.026667 0.053097
4 0.484167 0.522124 0.041667 0.030973
4 0.500833 0.487832 0.025000 0.050885
4 0.475000 0.474558 0.033333 0.033186
4 0.559167 0.444690 0.025000 0.053097
4 0.385833 0.506637 0.028333 0.044248
4 0.360000 0.526549 0.030000 0.039823
4 0.358333 0.564159 0.040000 0.035398
4 0.335833 0.550885 0.028333 0.044248
4 0.744167 0.474558 0.038333 0.046460
4 0.259167 0.627212 0.031667 0.046460
4 0.249167 0.590708 0.028333 0.053097
4 0.225000 0.567478 0.033333 0.050885
4 0.211667 0.592920 0.026667 0.053097
4 0.185000 0.599558 0.026667 0.053097
4 0.375833 0.448009 0.028333 0.059735
4 0.333333 0.431416 0.030000 0.057522
4 0.311667 0.474558 0.030000 0.055310
4 0.230833 0.505531 0.045000 0.042035
4 0.167500 0.504425 0.038333 0.044248
4 0.175000 0.455752 0.033333 0.048673
4 0.208333 0.436947 0.026667 0.050885
4 0.202500 0.403761 0.045000 0.042035
4 0.290000 0.403761 0.040000 0.033186
4 0.290000 0.435841 0.046667 0.039823
4 0.285000 0.471239 0.036667 0.044248
4 0.785000 0.438053 0.030000 0.057522
4 0.869167 0.426991 0.035000 0.057522
4 0.920833 0.402655 0.035000 0.048673
4 0.953333 0.389381 0.033333 0.039823
4 0.969167 0.408186 0.031667 0.042035
4 0.944167 0.349558 0.041667 0.039823
4 0.902500 0.329646 0.041667 0.035398
4 0.926667 0.288717 0.043333 0.033186
4 0.888333 0.275442 0.026667 0.055310
4 0.980000 0.173673 0.030000 0.050885
4 0.958333 0.105088 0.033333 0.055310
4 0.963333 0.021018 0.030000 0.037611
4 0.920000 0.030973 0.043333 0.039823
4 0.865833 0.048673 0.031667 0.053097
4 0.890000 0.064159 0.026667 0.061947
4 0.909167 0.086283 0.021667 0.057522
4 0.879167 0.173673 0.035000 0.050885
4 0.843333 0.198009 0.030000 0.055310
4 0.830000 0.255531 0.033333 0.050885
4 0.827500 0.349558 0.025000 0.053097
4 0.814167 0.370575 0.038333 0.055310
4 0.770000 0.365044 0.046667 0.044248
4 0.800000 0.327434 0.030000 0.061947
4 0.727500 0.370575 0.051667 0.033186
4 0.761667 0.413717 0.033333 0.053097
4 0.657500 0.383850 0.031667 0.059735
4 0.635833 0.412611 0.025000 0.055310
4 0.524167 0.403761 0.028333 0.059735
4 0.536667 0.429204 0.023333 0.057522
4 0.610000 0.391593 0.026667 0.057522
4 0.587500 0.362832 0.038333 0.044248
4 0.660000 0.339602 0.033333 0.046460
4 0.710000 0.293142 0.030000 0.050885
4 0.714167 0.329646 0.041667 0.039823
4 0.678333 0.306416 0.033333 0.046460
4 0.643333 0.299779 0.033333 0.037611
4 0.745833 0.268805 0.028333 0.064159
4 0.775833 0.289823 0.038333 0.035398
4 0.803333 0.272124 0.036667 0.048673
4 0.767500 0.230088 0.025000 0.053097
4 0.789167 0.224558 0.028333 0.055310
4 0.812500 0.154867 0.025000 0.053097
4 0.862500 0.137168 0.031667 0.044248
4 0.833333 0.136062 0.033333 0.042035
4 0.803333 0.120575 0.036667 0.042035
4 0.823333 0.084071 0.040000 0.061947
4 0.760000 0.102876 0.036667 0.042035
4 0.752500 0.138274 0.041667 0.033186
4 0.743333 0.174779 0.033333 0.057522
4 0.713333 0.247788 0.036667 0.044248
4 0.687500 0.265487 0.028333 0.048673
4 0.678333 0.215708 0.040000 0.037611
4 0.713333 0.106195 0.030000 0.057522
4 0.691667 0.056416 0.040000 0.042035
4 0.651667 0.123894 0.040000 0.048673
4 0.679167 0.159292 0.028333 0.053097
4 0.633333 0.153761 0.036667 0.042035
4 0.615833 0.188053 0.028333 0.053097
4 0.633333 0.238938 0.036667 0.057522
4 0.625000 0.272124 0.036667 0.035398
4 0.596667 0.300885 0.030000 0.044248
4 0.576667 0.284292 0.023333 0.055310
4 0.600833 0.255531 0.038333 0.033186
4 0.588333 0.217920 0.030000 0.055310
4 0.482500 0.398230 0.025000 0.057522
4 0.454167 0.396018 0.041667 0.048673
4 0.275000 0.022124 0.026667 0.039823
4 0.277500 0.053097 0.038333 0.035398
4 0.250000 0.182522 0.030000 0.050885
4 0.235000 0.232301 0.023333 0.057522
4 0.270000 0.261062 0.040000 0.035398
4 0.272500 0.293142 0.038333 0.033186
4 0.306667 0.285398 0.040000 0.035398
4 0.315833 0.327434 0.025000 0.053097
4 0.340833 0.321903 0.031667 0.028761
4 0.349167 0.342920 0.041667 0.035398
4 0.400000 0.317478 0.036667 0.042035
4 0.385833 0.296460 0.025000 0.066372
4 0.357500 0.264381 0.035000 0.046460
4 0.407500 0.267699 0.035000 0.048673
4 0.456667 0.265487 0.040000 0.039823
4 0.478333 0.309735 0.036667 0.048673
4 0.447500 0.339602 0.041667 0.033186
4 0.425833 0.362832 0.041667 0.030973
4 0.541667 0.289823 0.040000 0.039823
4 0.544167 0.254425 0.031667 0.044248
4 0.558333 0.191372 0.036667 0.055310
4 0.519167 0.199115 0.038333 0.044248
4 0.496667 0.253319 0.023333 0.050885
4 0.476667 0.236726 0.026667 0.048673
4 0.451667 0.210177 0.026667 0.053097
4 0.634167 0.066372 0.028333 0.053097
4 0.605000 0.058628 0.030000 0.055310
4 0.588333 0.131637 0.033333 0.042035
4 0.538333 0.048673 0.020000 0.053097
4 0.555833 0.086283 0.028333 0.048673
4 0.575833 0.100664 0.025000 0.042035
4 0.473333 0.025442 0.043333 0.037611
4 0.497500 0.049779 0.038333 0.037611
4 0.361667 0.029867 0.033333 0.050885
4 0.370833 0.081858 0.025000 0.057522
4 0.308333 0.039823 0.026667 0.053097
4 0.283333 0.176991 0.046667 0.035398
4 0.273333 0.204646 0.040000 0.037611
4 0.344167 0.155973 0.041667 0.042035
4 0.360833 0.191372 0.031667 0.046460
4 0.390833 0.200221 0.028333 0.055310
4 0.339167 0.205752 0.031667 0.048673
4 0.310000 0.203540 0.030000 0.039823
4 0.300000 0.257743 0.036667 0.028761
4 0.412500 0.076327 0.028333 0.046460
4 0.394167 0.131637 0.025000 0.055310
4 0.422500 0.127212 0.025000 0.059735
4 0.451667 0.095133 0.036667 0.035398
4 0.474167 0.117257 0.038333 0.030973
4 0.500000 0.131637 0.033333 0.042035
4 0.458333 0.157080 0.026667 0.057522
4 0.482500 0.185841 0.035000 0.039823
4 0.553333 0.123894 0.033333 0.044248
4 0.304167 0.099558 0.038333 0.035398
4 0.683333 0.017699 0.046667 0.030973
4 0.129167 0.522124 0.028333 0.057522
