4 0.072500 0.186947 0.075000 0.064159
4 0.173333 0.131637 0.076667 0.077434
4 0.239167 0.149336 0.068333 0.081858
4 0.228333 0.216814 0.070000 0.070796
4 0.159167 0.210177 0.061667 0.084071
4 0.110000 0.276549 0.050000 0.110619
4 0.056667 0.269912 0.060000 0.110619
4 0.169167 0.319690 0.061667 0.095133
4 0.150000 0.382743 0.073333 0.057522
4 0.037500 0.341814 0.071667 0.064159
4 0.044167 0.425885 0.058333 0.108407
4 0.063333 0.547566 0.060000 0.086283
4 0.301667 0.159292 0.043333 0.097345
4 0.350000 0.164823 0.056667 0.090708
4 0.395833 0.191372 0.075000 0.059735
4 0.336667 0.250000 0.070000 0.057522
4 0.272500 0.271018 0.068333 0.073009
4 0.324167 0.303097 0.085000 0.061947
4 0.251667 0.356195 0.070000 0.088496
4 0.238333 0.418142 0.080000 0.075221
4 0.164167 0.449115 0.061667 0.097345
4 0.117500 0.485619 0.051667 0.112832
4 0.212500 0.475664 0.075000 0.061947
4 0.271667 0.483407 0.053333 0.099558
4 0.174167 0.542035 0.061667 0.079646
4 0.224167 0.543142 0.061667 0.090708
4 0.171667 0.610619 0.063333 0.097345
4 0.125000 0.586283 0.046667 0.101770
4 0.121667 0.665929 0.076667 0.070796
4 0.021667 0.786504 0.040000 0.099558
4 0.109167 0.795354 0.051667 0.108407
4 0.166667 0.735619 0.073333 0.086283
4 0.191667 0.704646 0.066667 0.090708
4 0.214167 0.648230 0.071667 0.061947
4 0.255833 0.603982 0.081667 0.057522
4 0.252500 0.725664 0.055000 0.101770
4 0.300000 0.711283 0.060000 0.095133
4 0.088333 0.905973 0.053333 0.108407
4 0.220833 0.915929 0.085000 0.057522
4 0.211667 0.834071 0.083333 0.061947
4 0.261667 0.856195 0.076667 0.057522
4 0.285000 0.902655 0.070000 0.066372
4 0.282500 0.957965 0.071667 0.066372
4 0.272500 0.795354 0.075000 0.068584
4 0.338333 0.818584 0.073333 0.079646
4 0.392500 0.832965 0.051667 0.103982
4 0.341667 0.896018 0.056667 0.075221
4 0.355000 0.702434 0.046667 0.099558
4 0.375000 0.608407 0.053333 0.119469
4 0.335000 0.503319 0.056667 0.099558
4 0.367500 0.443584 0.075000 0.059735
4 0.336667 0.384956 0.046667 0.106195
4 0.457500 0.422566 0.085000 0.075221
4 0.419167 0.487832 0.058333 0.103982
4 0.445000 0.558628 0.086667 0.073009
4 0.476667 0.503319 0.066667 0.117257
4 0.455000 0.639381 0.073333 0.070796
4 0.447500 0.706858 0.068333 0.086283
4 0.403333 0.762168 0.083333 0.064159
4 0.360000 0.939159 0.066667 0.081858
4 0.396667 0.952434 0.056667 0.081858
4 0.450000 0.903761 0.050000 0.108407
4 0.492500 0.878319 0.038333 0.110619
4 0.520000 0.911504 0.060000 0.106195
4 0.573333 0.877212 0.056667 0.117257
4 0.626667 0.912611 0.050000 0.108407
4 0.644167 0.832965 0.081667 0.073009
4 0.598333 0.779867 0.046667 0.099558
4 0.503333 0.786504 0.053333 0.112832
4 0.523333 0.703540 0.066667 0.079646
4 0.554167 0.740044 0.068333 0.064159
4 0.585000 0.694690 0.060000 0.097345
4 0.628333 0.694690 0.050000 0.097345
4 0.661667 0.765487 0.070000 0.079646
4 0.726667 0.783186 0.063333 0.079646
4 0.535833 0.636062 0.081667 0.059735
4 0.528333 0.579646 0.086667 0.061947
4 0.544167 0.509956 0.068333 0.081858
4 0.595000 0.511062 0.053333 0.101770
4 0.384167 0.355088 0.071667 0.077434
4 0.393333 0.305310 0.073333 0.075221
4 0.417500 0.250000 0.068333 0.070796
4 0.464167 0.252212 0.041667 0.092920
4 0.470000 0.321903 0.080000 0.064159
4 0.420000 0.152655 0.076667 0.088496
4 0.438333 0.088496 0.076667 0.053097
4 0.477500 0.133850 0.068333 0.055310
4 0.561667 0.206858 0.076667 0.068584
4 0.519167 0.255531 0.041667 0.095133
4 0.573333 0.277655 0.070000 0.077434
4 0.596667 0.162611 0.060000 0.086283
4 0.665000 0.133850 0.060000 0.108407
4 0.671667 0.058628 0.083333 0.055310
4 0.755000 0.071903 0.070000 0.077434
4 0.815000 0.086283 0.073333 0.079646
4 0.725000 0.194690 0.046667 0.115044
4 0.630833 0.248894 0.045000 0.099558
4 0.666667 0.256637 0.046667 0.106195
4 0.773333 0.252212 0.060000 0.110619
4 0.750833 0.309735 0.048333 0.115044
4 0.689167 0.348451 0.085000 0.068584
4 0.645833 0.390487 0.078333 0.059735
4 0.562500 0.346239 0.075000 0.081858
4 0.535000 0.425885 0.060000 0.090708
4 0.671667 0.443584 0.083333 0.068584
4 0.681667 0.496681 0.073333 0.059735
4 0.647500 0.540929 0.078333 0.059735
4 0.645833 0.628319 0.061667 0.092920
4 0.683333 0.580752 0.063333 0.081858
4 0.736667 0.622788 0.043333 0.108407
4 0.710000 0.671460 0.053333 0.108407
4 0.752500 0.733407 0.051667 0.108407
4 0.790000 0.652655 0.076667 0.061947
4 0.845833 0.706858 0.075000 0.077434
4 0.810000 0.780973 0.073333 0.079646
4 0.790833 0.516593 0.051667 0.099558
4 0.900000 0.118363 0.073333 0.073009
4 0.903333 0.324115 0.073333 0.077434
4 0.966667 0.217920 0.056667 0.090708
4 0.976667 0.408186 0.046667 0.099558
4 0.885833 0.477876 0.065000 0.088496
4 0.955000 0.586283 0.066667 0.061947
4 0.965833 0.640487 0.068333 0.068584
4 0.959167 0.775442 0.081667 0.064159
4 0.868333 0.827434 0.050000 0.097345
4 0.777500 0.873894 0.078333 0.061947
4 0.799167 0.932522 0.061667 0.090708
4 0.848333 0.918142 0.040000 0.106195
4 0.913333 0.908186 0.080000 0.068584
4 0.939167 0.846239 0.075000 0.086283
4 0.558333 0.047566 0.060000 0.090708
4 0.454167 0.045354 0.085000 0.068584
4 0.023333 0.891593 0.043333 0.088496
4 0.516667 0.386062 0.043333 0.081858
