0 0.646825 0.292500 0.063492 0.145000
0 0.605159 0.290000 0.043651 0.150000
0 0.565476 0.290000 0.043651 0.150000
0 0.527778 0.295000 0.055556 0.160000
0 0.500000 0.300000 0.071429 0.170000
0 0.458333 0.310000 0.059524 0.160000
0 0.422619 0.302500 0.051587 0.145000
0 0.382937 0.320000 0.067460 0.170000
0 0.690476 0.537500 0.079365 0.165000
0 0.648810 0.575000 0.067460 0.170000
0 0.603175 0.610000 0.071429 0.190000
0 0.557540 0.617500 0.059524 0.215000
0 0.511905 0.632500 0.071429 0.175000
0 0.466270 0.650000 0.067460 0.190000
0 0.424603 0.682500 0.071429 0.185000
0 0.369048 0.712500 0.079365 0.175000
