0 0.517544 0.414474 0.035088 0.048246
0 0.410088 0.359649 0.030702 0.035088
0 0.842105 0.320175 0.043860 0.043860
0 0.651316 0.348684 0.039474 0.039474
0 0.782895 0.578947 0.039474 0.052632
0 0.901316 0.473684 0.039474 0.026316
0 0.258772 0.453947 0.035088 0.048246
0 0.383772 0.557018 0.048246 0.043860
0 0.399123 0.574561 0.043860 0.035088
0 0.570175 0.653509 0.043860 0.052632
0 0.771930 0.758772 0.052632 0.043860
0 0.103070 0.752193 0.057018 0.039474
0 0.197368 0.629386 0.035088 0.048246
0 0.331140 0.765351 0.048246 0.039474
0 0.576754 0.776316 0.039474 0.043860
0 0.190789 0.258772 0.030702 0.043860
0 0.526316 0.197368 0.052632 0.035088
