0 0.609804 0.319797 0.121569 0.101523
0 0.601961 0.406091 0.082353 0.091371
0 0.688235 0.375635 0.066667 0.101523
0 0.852941 0.565990 0.074510 0.137056
0 0.815686 0.515228 0.054902 0.116751
0 0.778431 0.609137 0.043137 0.162437
0 0.194118 0.312183 0.129412 0.086294
0 0.196078 0.401015 0.094118 0.101523
0 0.292157 0.365482 0.090196 0.121827
0 0.260784 0.467005 0.121569 0.091371
0 0.325490 0.538071 0.054902 0.172589
0 0.376471 0.586294 0.054902 0.157360
0 0.407843 0.497462 0.047059 0.121827
0 0.458824 0.540609 0.086275 0.177665
