0 0.090000 0.175299 0.140000 0.247012
0 0.196667 0.237052 0.106667 0.211155
0 0.123333 0.354582 0.113333 0.119522
0 0.068333 0.428287 0.110000 0.139442
0 0.568333 0.187251 0.090000 0.199203
0 0.628333 0.167331 0.063333 0.143426
0 0.673333 0.137450 0.073333 0.147410
0 0.738333 0.135458 0.083333 0.167331
0 0.886667 0.175299 0.106667 0.135458
0 0.938333 0.231076 0.083333 0.127490
0 0.840000 0.288845 0.120000 0.123506
0 0.656667 0.278884 0.053333 0.103586
0 0.688333 0.322709 0.096667 0.111554
0 0.731667 0.358566 0.090000 0.119522
0 0.381667 0.513944 0.090000 0.191235
0 0.463333 0.533865 0.080000 0.167331
0 0.528333 0.555777 0.063333 0.163347
0 0.596667 0.482072 0.066667 0.151394
0 0.640000 0.498008 0.100000 0.143426
0 0.695000 0.523904 0.090000 0.139442
0 0.745000 0.557769 0.096667 0.143426
0 0.465000 0.707171 0.150000 0.107570
0 0.393333 0.796813 0.126667 0.119522
0 0.428333 0.856574 0.123333 0.095618
