0 0.125461 0.231183 0.110701 0.225806
0 0.119926 0.346774 0.077491 0.080645
0 0.130996 0.389785 0.084871 0.080645
0 0.162362 0.440860 0.140221 0.107527
0 0.452030 0.303763 0.077491 0.080645
0 0.440959 0.341398 0.070111 0.059140
0 0.431734 0.368280 0.073801 0.069892
0 0.398524 0.459677 0.132841 0.177419
0 0.538745 0.212366 0.066421 0.198925
0 0.588561 0.252688 0.033210 0.129032
0 0.616236 0.239247 0.029520 0.123656
0 0.667897 0.255376 0.073801 0.220430
0 0.699262 0.454301 0.033210 0.059140
0 0.671587 0.448925 0.029520 0.059140
0 0.647601 0.443548 0.033210 0.059140
0 0.618081 0.440860 0.033210 0.053763
0 0.608856 0.599462 0.029520 0.069892
0 0.636531 0.602151 0.033210 0.064516
0 0.695572 0.594086 0.033210 0.080645
0 0.667897 0.604839 0.029520 0.069892
0 0.614391 0.674731 0.047970 0.080645
0 0.590406 0.696237 0.044280 0.091398
0 0.566421 0.715054 0.047970 0.086022
0 0.603321 0.833333 0.033210 0.129032
0 0.577491 0.811828 0.025830 0.107527
0 0.407749 0.706989 0.047970 0.209677
0 0.442804 0.744624 0.022140 0.123656
0 0.845018 0.534946 0.162362 0.123656
0 0.553506 0.811828 0.029520 0.107527
0 0.857934 0.467742 0.077491 0.032258
