0 0.259184 0.150485 0.240816 0.174757
0 0.228571 0.235437 0.122449 0.053398
0 0.226531 0.271845 0.126531 0.048544
0 0.202041 0.349515 0.191837 0.155340
0 0.757143 0.172330 0.183673 0.276699
0 0.685714 0.254854 0.089796 0.111650
0 0.673469 0.283981 0.081633 0.111650
0 0.591837 0.342233 0.187755 0.189320
0 0.246939 0.560680 0.208163 0.257282
0 0.324490 0.657767 0.102041 0.111650
0 0.346939 0.694175 0.106122 0.126214
0 0.414286 0.752427 0.191837 0.194175
0 0.612245 0.575243 0.269388 0.121359
0 0.677551 0.628641 0.155102 0.082524
0 0.691837 0.677184 0.159184 0.092233
0 0.724490 0.762136 0.232653 0.184466
