0 0.437729 0.183784 0.069597 0.140541
0 0.113553 0.078378 0.080586 0.081081
0 0.113553 0.164865 0.087912 0.081081
0 0.324176 0.208108 0.054945 0.124324
0 0.280220 0.243243 0.062271 0.118919
0 0.135531 0.294595 0.095238 0.102703
0 0.183150 0.524324 0.051282 0.129730
0 0.056777 0.432432 0.047619 0.097297
0 0.089744 0.375676 0.040293 0.070270
0 0.388278 0.354054 0.043956 0.113514
0 0.507326 0.316216 0.069597 0.113514
0 0.556777 0.089189 0.058608 0.113514
0 0.038462 0.721622 0.069597 0.091892
0 0.113553 0.808108 0.058608 0.135135
0 0.155678 0.843243 0.047619 0.118919
0 0.208791 0.708108 0.058608 0.151351
0 0.322344 0.643243 0.087912 0.108108
0 0.395604 0.589189 0.065934 0.075676
0 0.326007 0.483784 0.073260 0.102703
0 0.316850 0.391892 0.040293 0.102703
0 0.340659 0.359459 0.036630 0.102703
0 0.384615 0.791892 0.036630 0.102703
0 0.340659 0.791892 0.043956 0.070270
0 0.360806 0.867568 0.069597 0.091892
0 0.304029 0.929730 0.073260 0.129730
0 0.554945 0.864865 0.076923 0.097297
0 0.538462 0.770270 0.087912 0.102703
0 0.512821 0.951351 0.058608 0.075676
0 0.659341 0.689189 0.087912 0.113514
0 0.849817 0.743243 0.073260 0.091892
0 0.811355 0.643243 0.054945 0.151351
0 0.761905 0.608108 0.058608 0.135135
0 0.721612 0.686486 0.051282 0.097297
0 0.565934 0.559459 0.032967 0.113514
0 0.620879 0.472973 0.054945 0.081081
0 0.608059 0.562162 0.051282 0.097297
0 0.668498 0.437838 0.047619 0.075676
0 0.684982 0.497297 0.051282 0.086486
0 0.745421 0.462162 0.084249 0.070270
0 0.694139 0.291892 0.098901 0.086486
0 0.776557 0.416216 0.073260 0.064865
0 0.864469 0.367568 0.065934 0.075676
0 0.917582 0.389189 0.062271 0.075676
0 0.906593 0.472973 0.069597 0.081081
0 0.959707 0.481081 0.065934 0.097297
0 0.736264 0.240541 0.073260 0.070270
0 0.745421 0.175676 0.084249 0.081081
0 0.875458 0.235135 0.058608 0.113514
0 0.935897 0.170270 0.062271 0.091892
0 0.756410 0.054054 0.084249 0.075676
0 0.796703 0.102703 0.076923 0.086486
0 0.879121 0.045946 0.043956 0.070270
0 0.902930 0.070270 0.040293 0.064865
0 0.364469 0.091892 0.069597 0.086486
