0 0.797521 0.322967 0.107438 0.224880
0 0.723140 0.327751 0.066116 0.253589
0 0.661157 0.279904 0.082645 0.263158
0 0.590909 0.265550 0.107438 0.272727
0 0.359504 0.217703 0.148760 0.224880
0 0.314050 0.270335 0.157025 0.215311
0 0.258264 0.308612 0.128099 0.215311
0 0.223140 0.375598 0.107438 0.186603
0 0.355372 0.602871 0.123967 0.200957
0 0.314050 0.667464 0.148760 0.215311
0 0.256198 0.705742 0.157025 0.205742
0 0.196281 0.775120 0.144628 0.181818
0 0.595041 0.645933 0.107438 0.267943
0 0.667355 0.662679 0.061983 0.253589
0 0.727273 0.708134 0.066116 0.248804
0 0.801653 0.703349 0.099174 0.229665
