0 0.822761 0.295213 0.078358 0.090426
0 0.819030 0.361702 0.093284 0.085106
0 0.611940 0.335106 0.052239 0.106383
0 0.565299 0.303191 0.048507 0.095745
0 0.152985 0.276596 0.044776 0.085106
0 0.194030 0.321809 0.044776 0.101064
0 0.352612 0.297872 0.055970 0.074468
0 0.382463 0.335106 0.048507 0.074468
0 0.811567 0.558511 0.070896 0.074468
0 0.794776 0.619681 0.082090 0.069149
0 0.807836 0.675532 0.070896 0.063830
0 0.792910 0.728723 0.085821 0.074468
0 0.619403 0.550532 0.089552 0.079787
0 0.613806 0.611702 0.078358 0.053191
0 0.621269 0.670213 0.085821 0.063830
0 0.613806 0.728723 0.093284 0.085106
0 0.464552 0.542553 0.085821 0.127660
0 0.434701 0.609043 0.070896 0.111702
0 0.412313 0.651596 0.078358 0.101064
0 0.373134 0.696809 0.082090 0.117021
0 0.225746 0.529255 0.085821 0.143617
0 0.195896 0.590426 0.063433 0.095745
0 0.177239 0.638298 0.063433 0.085106
0 0.145522 0.683511 0.067164 0.111702
