0 0.413284 0.274194 0.228782 0.172043
0 0.322878 0.309140 0.107011 0.145161
0 0.304428 0.357527 0.121771 0.145161
0 0.212177 0.405914 0.210332 0.188172
0 0.407749 0.607527 0.217712 0.161290
0 0.321033 0.647849 0.118081 0.145161
0 0.298893 0.685484 0.125461 0.177419
0 0.199262 0.736559 0.214022 0.204301
0 0.784133 0.284946 0.239852 0.172043
0 0.686347 0.319892 0.118081 0.145161
0 0.669742 0.362903 0.121771 0.155914
0 0.601476 0.397849 0.169742 0.161290
0 0.758303 0.634409 0.195572 0.161290
0 0.682657 0.663978 0.118081 0.155914
0 0.666052 0.712366 0.114391 0.145161
0 0.581181 0.755376 0.202952 0.177419
