0 0.085664 0.090909 0.045455 0.125000
0 0.013986 0.113636 0.020979 0.136364
0 0.045455 0.159091 0.041958 0.090909
0 0.040210 0.286932 0.073427 0.107955
0 0.090909 0.255682 0.055944 0.147727
0 0.110140 0.255682 0.038462 0.125000
0 0.125874 0.196023 0.027972 0.119318
0 0.178322 0.218750 0.034965 0.119318
0 0.256993 0.076705 0.052448 0.142045
0 0.295455 0.139205 0.052448 0.096591
0 0.342657 0.142045 0.055944 0.136364
0 0.311189 0.048295 0.055944 0.085227
0 0.297203 0.230114 0.062937 0.051136
0 0.423077 0.102273 0.048951 0.125000
0 0.463287 0.090909 0.052448 0.102273
0 0.512238 0.130682 0.038462 0.136364
0 0.461538 0.181818 0.055944 0.102273
0 0.312937 0.340909 0.059441 0.102273
0 0.590909 0.102273 0.034965 0.136364
0 0.627622 0.068182 0.031469 0.113636
0 0.632867 0.159091 0.027972 0.136364
0 0.664336 0.116477 0.034965 0.107955
0 0.753497 0.113636 0.052448 0.170455
0 0.809441 0.102273 0.059441 0.159091
0 0.405594 0.360795 0.034965 0.085227
0 0.454545 0.352273 0.041958 0.102273
0 0.512238 0.335227 0.080420 0.090909
0 0.575175 0.343750 0.066434 0.073864
0 0.868881 0.122159 0.059441 0.039773
0 0.889860 0.167614 0.052448 0.039773
0 0.781469 0.261364 0.038462 0.090909
0 0.823427 0.230114 0.045455 0.085227
0 0.954545 0.269886 0.069930 0.096591
0 0.877622 0.218750 0.062937 0.039773
0 0.818182 0.309659 0.041958 0.096591
0 0.846154 0.284091 0.027972 0.102273
0 0.875874 0.289773 0.038462 0.125000
0 0.917832 0.366477 0.052448 0.119318
0 0.966783 0.437500 0.045455 0.125000
0 0.931818 0.545455 0.031469 0.090909
0 0.924825 0.616477 0.052448 0.051136
0 0.861888 0.673295 0.059441 0.085227
0 0.921329 0.727273 0.080420 0.079545
0 0.860140 0.758523 0.090909 0.062500
0 0.905594 0.829545 0.083916 0.113636
0 0.814685 0.380682 0.069930 0.045455
0 0.797203 0.423295 0.076923 0.062500
0 0.722028 0.352273 0.052448 0.102273
0 0.673077 0.355114 0.024476 0.096591
0 0.673077 0.446023 0.066434 0.085227
0 0.699301 0.494318 0.027972 0.102273
0 0.727273 0.571023 0.048951 0.107955
0 0.753497 0.667614 0.045455 0.119318
0 0.627622 0.494318 0.066434 0.056818
0 0.648601 0.553977 0.073427 0.073864
0 0.594406 0.565341 0.069930 0.073864
0 0.610140 0.625000 0.073427 0.090909
0 0.580420 0.463068 0.055944 0.119318
0 0.533217 0.414773 0.073427 0.068182
0 0.473776 0.460227 0.052448 0.079545
0 0.304196 0.517045 0.055944 0.068182
0 0.437063 0.678977 0.076923 0.096591
0 0.480769 0.744318 0.059441 0.113636
0 0.480769 0.829545 0.080420 0.090909
0 0.430070 0.778409 0.055944 0.102273
0 0.382867 0.727273 0.059441 0.113636
0 0.361888 0.846591 0.073427 0.102273
0 0.220280 0.892045 0.034965 0.102273
0 0.111888 0.625000 0.083916 0.079545
0 0.061189 0.707386 0.066434 0.096591
0 0.134615 0.698864 0.080420 0.056818
0 0.117133 0.767045 0.101399 0.068182
0 0.113636 0.553977 0.045455 0.142045
0 0.162587 0.474432 0.052448 0.119318
0 0.159091 0.573864 0.059441 0.125000
0 0.209790 0.528409 0.034965 0.125000
0 0.283217 0.687500 0.034965 0.090909
0 0.304196 0.744318 0.048951 0.090909
0 0.258741 0.767045 0.034965 0.136364
0 0.230769 0.732955 0.034965 0.125000
0 0.180070 0.840909 0.045455 0.090909
0 0.185315 0.928977 0.048951 0.142045
0 0.243007 0.511364 0.031469 0.102273
0 0.882867 0.536932 0.052448 0.085227
