0 0.253937 0.168342 0.066929 0.055276
0 0.275591 0.203518 0.062992 0.055276
0 0.297244 0.233668 0.059055 0.065327
0 0.314961 0.273869 0.062992 0.065327
0 0.222441 0.221106 0.051181 0.060302
0 0.232283 0.256281 0.062992 0.050251
0 0.253937 0.286432 0.066929 0.050251
0 0.279528 0.319095 0.062992 0.045226
0 0.633858 0.221106 0.031496 0.080402
0 0.624016 0.291457 0.035433 0.090452
0 0.665354 0.223618 0.031496 0.075377
0 0.657480 0.301508 0.031496 0.090452
0 0.696850 0.221106 0.031496 0.080402
0 0.687008 0.304020 0.027559 0.095477
0 0.722441 0.301508 0.043307 0.090452
0 0.736220 0.236181 0.039370 0.080402
0 0.334646 0.542714 0.062992 0.110553
0 0.285433 0.560302 0.059055 0.125628
0 0.375984 0.640704 0.059055 0.125628
0 0.324803 0.668342 0.059055 0.130653
0 0.279528 0.688442 0.055118 0.130653
0 0.232283 0.572864 0.047244 0.130653
0 0.185039 0.587940 0.070866 0.130653
0 0.210630 0.693467 0.066929 0.130653
0 0.704724 0.515075 0.102362 0.075377
0 0.753937 0.603015 0.082677 0.110553
0 0.669291 0.572864 0.078740 0.090452
0 0.726378 0.660804 0.098425 0.105528
0 0.685039 0.701005 0.094488 0.085427
0 0.647638 0.751256 0.106299 0.085427
0 0.631890 0.615578 0.090551 0.095477
0 0.604331 0.675879 0.082677 0.105528
