0 0.195833 0.238095 0.083333 0.104762
0 0.233333 0.276190 0.083333 0.104762
0 0.475000 0.257143 0.050000 0.104762
0 0.518750 0.261905 0.045833 0.123810
0 0.562500 0.257143 0.041667 0.133333
0 0.610417 0.257143 0.054167 0.133333
0 0.300000 0.542857 0.075000 0.123810
0 0.254167 0.578571 0.066667 0.109524
0 0.272917 0.683333 0.095833 0.061905
0 0.279167 0.740476 0.091667 0.061905
0 0.635417 0.430952 0.062500 0.138095
0 0.687500 0.419048 0.041667 0.133333
0 0.735417 0.428571 0.045833 0.161905
0 0.785417 0.447619 0.054167 0.142857
0 0.637500 0.623810 0.083333 0.066667
0 0.656250 0.671429 0.070833 0.057143
0 0.779167 0.695238 0.083333 0.085714
0 0.747917 0.735714 0.079167 0.080952
