0 0.686747 0.182266 0.072289 0.068966
0 0.273092 0.216749 0.080321 0.118227
0 0.238956 0.236453 0.076305 0.098522
0 0.218876 0.266010 0.076305 0.108374
0 0.182731 0.283251 0.076305 0.113300
0 0.813253 0.310345 0.044177 0.098522
0 0.839357 0.305419 0.040161 0.098522
0 0.867470 0.322660 0.040161 0.103448
0 0.895582 0.327586 0.048193 0.113300
0 0.730924 0.330049 0.104418 0.059113
0 0.728916 0.379310 0.108434 0.049261
0 0.730924 0.411330 0.112450 0.054187
0 0.726908 0.465517 0.104418 0.064039
0 0.554217 0.438424 0.064257 0.128079
0 0.431727 0.413793 0.060241 0.128079
0 0.483936 0.411330 0.068273 0.133005
0 0.508032 0.433498 0.060241 0.128079
0 0.295181 0.467980 0.044177 0.118227
0 0.259036 0.465517 0.028112 0.123153
0 0.224900 0.465517 0.040161 0.123153
0 0.192771 0.477833 0.040161 0.118227
0 0.558233 0.684729 0.048193 0.108374
0 0.522088 0.694581 0.040161 0.088670
0 0.485944 0.697044 0.032129 0.083744
0 0.461847 0.704433 0.048193 0.088670
0 0.435743 0.714286 0.044177 0.098522
0 0.407631 0.716749 0.044177 0.103448
0 0.315261 0.635468 0.092369 0.078818
0 0.152610 0.502463 0.032129 0.068966
0 0.158635 0.692118 0.076305 0.083744
0 0.090361 0.536946 0.036145 0.068966
0 0.090361 0.613300 0.068273 0.054187
0 0.495984 0.864532 0.124498 0.064039
0 0.522088 0.921182 0.128514 0.078818
0 0.337349 0.871921 0.072289 0.039409
0 0.218876 0.738916 0.052209 0.128079
0 0.251004 0.736453 0.052209 0.113300
0 0.971888 0.406404 0.056225 0.054187
