0 0.466667 0.199219 0.133333 0.343750
0 0.358333 0.162109 0.076667 0.207031
0 0.296667 0.154297 0.080000 0.207031
0 0.191667 0.138672 0.150000 0.269531
0 0.048333 0.435547 0.083333 0.261719
0 0.111667 0.496094 0.083333 0.195312
0 0.166667 0.501953 0.080000 0.207031
0 0.260000 0.503906 0.153333 0.226562
0 0.496667 0.509766 0.226667 0.207031
0 0.873333 0.650391 0.173333 0.277344
0 0.786667 0.720703 0.080000 0.183594
0 0.733333 0.740234 0.080000 0.191406
0 0.650000 0.771484 0.140000 0.238281
0 0.493333 0.660156 0.220000 0.156250
0 0.441667 0.716797 0.143333 0.222656
0 0.356667 0.703125 0.066667 0.179688
0 0.300000 0.716797 0.066667 0.191406
0 0.231667 0.718750 0.096667 0.226562
