0 0.414980 0.308824 0.068826 0.176471
0 0.370445 0.335784 0.052632 0.181373
0 0.325911 0.345588 0.060729 0.181373
0 0.281377 0.367647 0.068826 0.176471
0 0.732794 0.330882 0.056680 0.171569
0 0.688259 0.345588 0.056680 0.181373
0 0.643725 0.352941 0.056680 0.186275
0 0.599190 0.377451 0.072874 0.176471
0 0.431174 0.700980 0.052632 0.186275
0 0.380567 0.686275 0.048583 0.186275
0 0.334008 0.683824 0.052632 0.191176
0 0.281377 0.674020 0.060729 0.191176
0 0.761134 0.703431 0.056680 0.191176
0 0.708502 0.688725 0.048583 0.200980
0 0.661943 0.691176 0.044534 0.196078
0 0.611336 0.678922 0.056680 0.191176
