0 0.347328 0.140625 0.076336 0.072917
0 0.326336 0.192708 0.064885 0.072917
0 0.257634 0.252604 0.049618 0.098958
0 0.301527 0.276042 0.053435 0.093750
0 0.396947 0.213542 0.076336 0.072917
0 0.427481 0.260417 0.076336 0.083333
0 0.095420 0.273438 0.076336 0.067708
0 0.091603 0.335938 0.076336 0.078125
0 0.150763 0.380208 0.057252 0.104167
0 0.192748 0.359375 0.049618 0.104167
0 0.280534 0.427083 0.064885 0.083333
0 0.261450 0.481771 0.057252 0.078125
0 0.167939 0.625000 0.045802 0.093750
0 0.215649 0.611979 0.049618 0.109375
0 0.437023 0.497396 0.057252 0.088542
0 0.400763 0.523438 0.045802 0.088542
0 0.311069 0.601562 0.057252 0.078125
0 0.333969 0.635417 0.057252 0.072917
0 0.284351 0.679688 0.057252 0.057292
0 0.297710 0.716146 0.068702 0.057292
0 0.312977 0.752604 0.068702 0.057292
0 0.332061 0.796875 0.068702 0.062500
0 0.366412 0.705729 0.045802 0.098958
0 0.404580 0.723958 0.045802 0.104167
0 0.467557 0.562500 0.064885 0.062500
0 0.520992 0.708333 0.072519 0.072917
0 0.503817 0.648438 0.068702 0.057292
0 0.482824 0.614583 0.080153 0.072917
0 0.698473 0.229167 0.106870 0.187500
0 0.717557 0.346354 0.083969 0.057292
0 0.729008 0.395833 0.076336 0.062500
0 0.748092 0.450521 0.091603 0.067708
0 0.770992 0.494792 0.083969 0.072917
0 0.795802 0.544271 0.072519 0.078125
0 0.807252 0.601562 0.087786 0.057292
0 0.830153 0.705729 0.141221 0.161458
