0 0.242248 0.284615 0.089147 0.128205
0 0.288760 0.310256 0.096899 0.128205
0 0.313953 0.364103 0.093023 0.123077
0 0.358527 0.397436 0.096899 0.138462
0 0.751938 0.217949 0.108527 0.117949
0 0.726744 0.256410 0.089147 0.102564
0 0.701550 0.284615 0.100775 0.117949
0 0.678295 0.320513 0.093023 0.117949
0 0.656977 0.351282 0.089147 0.117949
0 0.629845 0.384615 0.096899 0.123077
0 0.600775 0.415385 0.085271 0.112821
0 0.571705 0.443590 0.089147 0.107692
0 0.199612 0.689744 0.065891 0.179487
0 0.259690 0.676923 0.054264 0.194872
0 0.315891 0.676923 0.058140 0.184615
0 0.374031 0.651282 0.065891 0.174359
0 0.532946 0.664103 0.058140 0.158974
0 0.583333 0.674359 0.050388 0.158974
0 0.622093 0.684615 0.042636 0.169231
0 0.664729 0.676923 0.050388 0.164103
0 0.709302 0.684615 0.046512 0.169231
0 0.744186 0.692308 0.046512 0.184615
0 0.779070 0.700000 0.046512 0.179487
0 0.827519 0.710256 0.065891 0.169231
