0 0.798246 0.331140 0.061404 0.065789
0 0.833333 0.311404 0.043860 0.043860
0 0.692982 0.250000 0.043860 0.052632
0 0.710526 0.322368 0.043860 0.057018
0 0.793860 0.546053 0.078947 0.065789
0 0.348684 0.157895 0.057018 0.061404
0 0.223684 0.190789 0.035088 0.057018
0 0.243421 0.326754 0.048246 0.057018
0 0.282895 0.366228 0.057018 0.057018
0 0.287281 0.407895 0.057018 0.043860
0 0.304825 0.462719 0.048246 0.048246
0 0.098684 0.554825 0.057018 0.048246
0 0.596491 0.605263 0.043860 0.061404
0 0.609649 0.410088 0.061404 0.074561
0 0.557018 0.517544 0.061404 0.061404
0 0.526316 0.475877 0.061404 0.092105
0 0.473684 0.475877 0.052632 0.065789
0 0.388158 0.653509 0.057018 0.052632
0 0.618421 0.719298 0.043860 0.070175
