0 0.837719 0.195175 0.052632 0.057018
0 0.407895 0.186404 0.043860 0.057018
0 0.366228 0.171053 0.039474 0.052632
0 0.320175 0.271930 0.052632 0.043860
0 0.100877 0.164474 0.052632 0.048246
0 0.083333 0.298246 0.052632 0.035088
0 0.048246 0.388158 0.052632 0.057018
0 0.127193 0.401316 0.035088 0.048246
0 0.217105 0.390351 0.048246 0.061404
0 0.324561 0.326754 0.052632 0.048246
0 0.320175 0.394737 0.043860 0.052632
0 0.370614 0.383772 0.030702 0.065789
0 0.410088 0.394737 0.030702 0.043860
0 0.442982 0.396930 0.035088 0.048246
0 0.482456 0.416667 0.043860 0.061404
0 0.581140 0.302632 0.048246 0.043860
0 0.521930 0.168860 0.052632 0.048246
0 0.609649 0.342105 0.052632 0.052632
0 0.925439 0.201754 0.043860 0.035088
0 0.958333 0.221491 0.030702 0.030702
0 0.969298 0.254386 0.043860 0.035088
0 0.971491 0.293860 0.048246 0.043860
0 0.675439 0.370614 0.043860 0.048246
0 0.769737 0.460526 0.057018 0.043860
0 0.736842 0.495614 0.052632 0.043860
0 0.940789 0.508772 0.039474 0.043860
0 0.973684 0.537281 0.043860 0.057018
0 0.640351 0.510965 0.052632 0.065789
0 0.587719 0.510965 0.026316 0.039474
0 0.513158 0.469298 0.061404 0.043860
0 0.550439 0.497807 0.039474 0.039474
0 0.513158 0.508772 0.035088 0.026316
0 0.559211 0.539474 0.048246 0.052632
0 0.247807 0.478070 0.048246 0.052632
0 0.129386 0.583333 0.048246 0.052632
0 0.309211 0.578947 0.057018 0.052632
0 0.372807 0.587719 0.061404 0.052632
0 0.370614 0.640351 0.057018 0.052632
0 0.440789 0.565789 0.057018 0.043860
0 0.708333 0.712719 0.057018 0.057018
0 0.910088 0.710526 0.048246 0.052632
0 0.978070 0.719298 0.043860 0.043860
0 0.269737 0.771930 0.039474 0.052632
0 0.377193 0.824561 0.052632 0.052632
0 0.649123 0.723684 0.043860 0.043860
0 0.857456 0.418860 0.030702 0.057018
0 0.175439 0.572368 0.043860 0.048246
0 0.282895 0.842105 0.039474 0.043860
