0 0.711066 0.231884 0.077869 0.135266
0 0.655738 0.256039 0.073770 0.135266
0 0.616803 0.299517 0.086066 0.144928
0 0.567623 0.321256 0.077869 0.149758
0 0.362705 0.224638 0.077869 0.140097
0 0.307377 0.256039 0.081967 0.144928
0 0.264344 0.292271 0.077869 0.120773
0 0.215164 0.330918 0.077869 0.130435
0 0.358607 0.562802 0.094262 0.149758
0 0.301230 0.594203 0.118852 0.115942
0 0.284836 0.666667 0.102459 0.115942
0 0.227459 0.707729 0.102459 0.140097
0 0.772541 0.545894 0.069672 0.115942
0 0.733607 0.579710 0.081967 0.115942
0 0.706967 0.611111 0.077869 0.111111
0 0.532787 0.712560 0.057377 0.120773
0 0.670082 0.632850 0.061475 0.135266
0 0.565574 0.688406 0.065574 0.111111
0 0.598361 0.666667 0.065574 0.135266
0 0.631148 0.644928 0.057377 0.120773
