0 0.214008 0.403061 0.062257 0.132653
0 0.177043 0.484694 0.066148 0.132653
0 0.249027 0.507653 0.062257 0.147959
0 0.285992 0.395408 0.058366 0.147959
0 0.361868 0.397959 0.062257 0.142857
0 0.332685 0.510204 0.058366 0.153061
0 0.418288 0.484694 0.081712 0.153061
0 0.439689 0.395408 0.070039 0.137755
0 0.826848 0.382653 0.081712 0.132653
0 0.826848 0.489796 0.097276 0.122449
0 0.739300 0.433673 0.085603 0.142857
0 0.762646 0.563776 0.093385 0.137755
0 0.671206 0.502551 0.097276 0.137755
0 0.690661 0.627551 0.089494 0.142857
0 0.599222 0.584184 0.101167 0.117347
0 0.603113 0.683673 0.085603 0.112245
