0 0.309804 0.186869 0.101961 0.171717
0 0.272549 0.290404 0.082353 0.186869
0 0.188235 0.257576 0.109804 0.171717
0 0.154902 0.340909 0.129412 0.186869
0 0.684314 0.212121 0.105882 0.161616
0 0.703922 0.290404 0.090196 0.176768
0 0.776471 0.282828 0.101961 0.181818
0 0.792157 0.366162 0.109804 0.136364
0 0.190196 0.661616 0.121569 0.181818
0 0.235294 0.765152 0.094118 0.207071
0 0.325490 0.679293 0.094118 0.196970
0 0.352941 0.818182 0.109804 0.161616
0 0.601961 0.664141 0.105882 0.196970
0 0.654902 0.755051 0.094118 0.196970
0 0.729412 0.752525 0.078431 0.202020
0 0.811765 0.760101 0.101961 0.196970
