0 0.052632 0.239035 0.026316 0.039474
0 0.250000 0.228070 0.061404 0.026316
0 0.337719 0.171053 0.035088 0.035088
0 0.388158 0.179825 0.048246 0.026316
0 0.392544 0.208333 0.048246 0.039474
0 0.348684 0.221491 0.030702 0.021930
0 0.368421 0.254386 0.026316 0.035088
0 0.133772 0.289474 0.021930 0.026316
0 0.092105 0.326754 0.052632 0.021930
0 0.083333 0.346491 0.043860 0.026316
0 0.199561 0.287281 0.030702 0.048246
0 0.521930 0.228070 0.026316 0.043860
0 0.866228 0.276316 0.048246 0.026316
0 0.868421 0.300439 0.043860 0.021930
0 0.953947 0.326754 0.030702 0.048246
0 0.964912 0.353070 0.035088 0.048246
0 0.820175 0.201754 0.043860 0.026316
0 0.684211 0.256579 0.035088 0.057018
0 0.587719 0.223684 0.035088 0.052632
0 0.495614 0.151316 0.026316 0.039474
0 0.484649 0.208333 0.030702 0.057018
0 0.293860 0.179825 0.035088 0.052632
0 0.017544 0.278509 0.026316 0.048246
0 0.155702 0.447368 0.039474 0.052632
0 0.339912 0.377193 0.039474 0.043860
0 0.495614 0.361842 0.026316 0.048246
0 0.925439 0.416667 0.035088 0.035088
0 0.938596 0.467105 0.035088 0.039474
0 0.594298 0.280702 0.057018 0.026316
0 0.592105 0.456140 0.043860 0.043860
0 0.554825 0.410088 0.021930 0.057018
0 0.438596 0.484649 0.035088 0.057018
0 0.280702 0.381579 0.035088 0.035088
0 0.142544 0.385965 0.048246 0.052632
0 0.460526 0.331140 0.035088 0.030702
0 0.243421 0.337719 0.030702 0.035088
0 0.414474 0.484649 0.021930 0.057018
0 0.453947 0.554825 0.048246 0.039474
0 0.449561 0.587719 0.030702 0.043860
0 0.736842 0.519737 0.026316 0.039474
0 0.695175 0.570175 0.030702 0.043860
0 0.916667 0.703947 0.026316 0.039474
0 0.789474 0.651316 0.035088 0.048246
0 0.826754 0.765351 0.048246 0.039474
0 0.918860 0.844298 0.039474 0.048246
0 0.809211 0.815789 0.039474 0.035088
0 0.717105 0.776316 0.039474 0.078947
0 0.692982 0.831140 0.052632 0.039474
0 0.651316 0.837719 0.039474 0.043860
0 0.629386 0.787281 0.048246 0.030702
0 0.576754 0.822368 0.039474 0.048246
0 0.298246 0.570175 0.026316 0.052632
0 0.353070 0.767544 0.030702 0.052632
0 0.500000 0.598684 0.026316 0.048246
0 0.021930 0.730263 0.035088 0.030702
0 0.107456 0.482456 0.030702 0.043860
