0 0.730000 0.043307 0.126667 0.078740
0 0.741667 0.127953 0.116667 0.106299
0 0.845000 0.232283 0.110000 0.141732
0 0.570000 0.250000 0.106667 0.122047
0 0.498333 0.324803 0.096667 0.114173
0 0.450000 0.401575 0.093333 0.118110
0 0.391667 0.438976 0.090000 0.137795
0 0.331667 0.486220 0.063333 0.082677
0 0.300000 0.531496 0.093333 0.102362
0 0.256667 0.568898 0.066667 0.098425
0 0.220000 0.598425 0.080000 0.110236
0 0.178333 0.647638 0.090000 0.114173
0 0.133333 0.700787 0.093333 0.110236
0 0.065000 0.767717 0.110000 0.125984
0 0.821667 0.531496 0.096667 0.118110
0 0.758333 0.592520 0.110000 0.122047
0 0.666667 0.633858 0.106667 0.102362
0 0.700000 0.688976 0.100000 0.110236
0 0.736667 0.870079 0.060000 0.078740
