0 0.461390 0.392308 0.088803 0.128205
0 0.384170 0.407692 0.065637 0.128205
0 0.324324 0.451282 0.077220 0.143590
0 0.272201 0.479487 0.081081 0.128205
0 0.260618 0.594872 0.096525 0.143590
0 0.330116 0.579487 0.065637 0.133333
0 0.391892 0.546154 0.065637 0.148718
0 0.444015 0.507692 0.077220 0.133333
0 0.611969 0.415385 0.081081 0.123077
0 0.675676 0.423077 0.054054 0.117949
0 0.722008 0.451282 0.054054 0.112821
0 0.762548 0.482051 0.065637 0.102564
0 0.776062 0.579487 0.069498 0.112821
0 0.621622 0.497436 0.061776 0.112821
0 0.667954 0.541026 0.054054 0.128205
0 0.714286 0.564103 0.061776 0.112821
