0 0.550000 0.195545 0.092000 0.103960
0 0.786000 0.235149 0.052000 0.064356
0 0.816000 0.257426 0.048000 0.049505
0 0.834000 0.301980 0.044000 0.059406
0 0.816000 0.346535 0.040000 0.059406
0 0.742000 0.294554 0.052000 0.103960
0 0.786000 0.408416 0.060000 0.074257
0 0.812000 0.448020 0.064000 0.103960
0 0.848000 0.482673 0.080000 0.094059
0 0.872000 0.529703 0.080000 0.079208
0 0.584000 0.250000 0.080000 0.094059
0 0.612000 0.309406 0.096000 0.084158
0 0.648000 0.356436 0.080000 0.108911
0 0.542000 0.472772 0.060000 0.123762
0 0.586000 0.497525 0.044000 0.123762
0 0.636000 0.507426 0.056000 0.113861
0 0.696000 0.529703 0.080000 0.118812
0 0.464000 0.616337 0.072000 0.074257
0 0.482000 0.690594 0.076000 0.084158
0 0.102000 0.631188 0.044000 0.094059
0 0.142000 0.626238 0.036000 0.084158
0 0.178000 0.638614 0.044000 0.099010
0 0.214000 0.636139 0.036000 0.094059
0 0.186000 0.539604 0.052000 0.079208
0 0.236000 0.551980 0.048000 0.074257
0 0.272000 0.571782 0.048000 0.074257
0 0.310000 0.601485 0.052000 0.084158
0 0.342000 0.641089 0.060000 0.094059
0 0.376000 0.685644 0.072000 0.084158
0 0.410000 0.730198 0.068000 0.084158
0 0.436000 0.789604 0.064000 0.094059
