0 0.426966 0.167553 0.044944 0.090426
0 0.471910 0.178191 0.044944 0.090426
0 0.507491 0.191489 0.033708 0.095745
0 0.543071 0.220745 0.044944 0.090426
0 0.608614 0.255319 0.048689 0.095745
0 0.649813 0.279255 0.041199 0.079787
0 0.685393 0.319149 0.052434 0.095745
0 0.717228 0.361702 0.033708 0.063830
0 0.743446 0.398936 0.048689 0.085106
0 0.769663 0.449468 0.041199 0.069149
0 0.794007 0.500000 0.059925 0.095745
0 0.838951 0.566489 0.067416 0.079787
0 0.855805 0.617021 0.063670 0.085106
0 0.878277 0.667553 0.063670 0.090426
0 0.556180 0.414894 0.063670 0.159574
0 0.511236 0.396277 0.056180 0.143617
0 0.470037 0.414894 0.048689 0.170213
0 0.421348 0.401596 0.048689 0.164894
0 0.370787 0.425532 0.059925 0.159574
0 0.325843 0.441489 0.052434 0.159574
0 0.273408 0.446809 0.059925 0.138298
0 0.239700 0.484043 0.067416 0.148936
0 0.664794 0.742021 0.033708 0.132979
0 0.619850 0.739362 0.041199 0.138298
0 0.588015 0.739362 0.044944 0.148936
0 0.552434 0.728723 0.033708 0.138298
0 0.485019 0.731383 0.041199 0.164894
0 0.438202 0.726064 0.044944 0.175532
0 0.397004 0.720745 0.044944 0.175532
0 0.355805 0.720745 0.029963 0.143617
0 0.322097 0.715426 0.044944 0.175532
0 0.275281 0.718085 0.041199 0.159574
0 0.232210 0.712766 0.052434 0.159574
0 0.172285 0.699468 0.044944 0.143617
