0 0.763158 0.304825 0.061404 0.039474
0 0.875000 0.396930 0.048246 0.039474
0 0.366228 0.212719 0.039474 0.039474
0 0.331140 0.258772 0.048246 0.043860
0 0.142544 0.333333 0.039474 0.043860
0 0.153509 0.368421 0.035088 0.043860
0 0.366228 0.449561 0.030702 0.057018
0 0.146930 0.631579 0.030702 0.052632
0 0.061404 0.618421 0.035088 0.043860
0 0.054825 0.664474 0.039474 0.039474
0 0.052632 0.741228 0.052632 0.035088
0 0.109649 0.537281 0.043860 0.048246
0 0.703947 0.559211 0.039474 0.039474
0 0.671053 0.695175 0.052632 0.065789
0 0.576754 0.734649 0.048246 0.039474
0 0.644737 0.785088 0.035088 0.043860
0 0.649123 0.828947 0.035088 0.043860
0 0.214912 0.458333 0.035088 0.030702
0 0.653509 0.388158 0.061404 0.048246
0 0.138158 0.405702 0.048246 0.030702
0 0.811404 0.642544 0.035088 0.039474
