0 0.153509 0.173246 0.052632 0.048246
0 0.037281 0.324561 0.065789 0.052632
0 0.313596 0.221491 0.057018 0.065789
0 0.403509 0.267544 0.070175 0.052632
0 0.607456 0.201754 0.048246 0.061404
0 0.776316 0.230263 0.061404 0.048246
0 0.473684 0.350877 0.061404 0.061404
0 0.300439 0.405702 0.048246 0.057018
0 0.094298 0.673246 0.057018 0.048246
0 0.138158 0.662281 0.048246 0.087719
0 0.263158 0.714912 0.052632 0.070175
0 0.504386 0.620614 0.043860 0.048246
0 0.471491 0.686404 0.057018 0.074561
0 0.552632 0.664474 0.078947 0.057018
0 0.644737 0.649123 0.052632 0.043860
0 0.934211 0.629386 0.061404 0.065789
0 0.714912 0.717105 0.061404 0.039474
0 0.734649 0.763158 0.048246 0.043860
0 0.848684 0.473684 0.039474 0.052632
