0 0.222868 0.402564 0.073643 0.158974
0 0.275194 0.407692 0.054264 0.169231
0 0.331395 0.405128 0.050388 0.164103
0 0.271318 0.517949 0.069767 0.123077
0 0.315891 0.541026 0.058140 0.138462
0 0.374031 0.417949 0.065891 0.117949
0 0.360465 0.551282 0.054264 0.169231
0 0.428295 0.541026 0.081395 0.169231
0 0.612403 0.400000 0.077519 0.133333
0 0.616279 0.471795 0.100775 0.123077
0 0.629845 0.533333 0.089147 0.102564
0 0.639535 0.576923 0.077519 0.107692
0 0.726744 0.592308 0.089147 0.128205
0 0.699612 0.420513 0.073643 0.092308
0 0.713178 0.476923 0.077519 0.092308
0 0.724806 0.530769 0.085271 0.107692
