0 0.789474 0.287281 0.087719 0.039474
0 0.780702 0.311404 0.087719 0.035088
0 0.780702 0.335526 0.096491 0.030702
0 0.776316 0.359649 0.096491 0.043860
0 0.510965 0.546053 0.092105 0.065789
0 0.530702 0.578947 0.122807 0.043860
0 0.537281 0.605263 0.109649 0.043860
0 0.548246 0.631579 0.078947 0.052632
0 0.644737 0.635965 0.078947 0.096491
0 0.684211 0.666667 0.078947 0.114035
0 0.217105 0.701754 0.074561 0.035088
0 0.219298 0.725877 0.096491 0.021930
0 0.203947 0.767544 0.083333 0.043860
0 0.947368 0.633772 0.105263 0.039474
0 0.949561 0.677632 0.100877 0.039474
0 0.155702 0.401316 0.065789 0.074561
