0 0.083019 0.084211 0.060377 0.094737
0 0.096226 0.052632 0.049057 0.094737
0 0.116981 0.042105 0.045283 0.073684
0 0.124528 0.152632 0.060377 0.073684
0 0.143396 0.173684 0.060377 0.063158
0 0.154717 0.202632 0.067925 0.068421
0 0.416981 0.194737 0.109434 0.105263
0 0.441509 0.257895 0.067925 0.042105
0 0.450943 0.292105 0.079245 0.047368
0 0.469811 0.336842 0.094340 0.063158
0 0.064151 0.534211 0.075472 0.078947
0 0.092453 0.571053 0.056604 0.057895
0 0.737736 0.200000 0.071698 0.105263
0 0.726415 0.260526 0.056604 0.057895
0 0.713208 0.284211 0.060377 0.052632
0 0.696226 0.336842 0.086792 0.084211
0 0.839623 0.050000 0.049057 0.089474
0 0.858491 0.097368 0.071698 0.089474
0 0.911321 0.234211 0.033962 0.110526
0 0.933962 0.210526 0.026415 0.094737
0 0.954717 0.207895 0.030189 0.089474
0 0.575472 0.531579 0.064151 0.136842
0 0.620755 0.544737 0.026415 0.110526
0 0.645283 0.555263 0.030189 0.121053
0 0.673585 0.565789 0.033962 0.110526
0 0.115094 0.352632 0.056604 0.031579
0 0.318868 0.563158 0.033962 0.084211
0 0.296226 0.555263 0.026415 0.078947
0 0.273585 0.565789 0.026415 0.089474
0 0.250943 0.571053 0.026415 0.100000
0 0.888679 0.731579 0.056604 0.063158
0 0.924528 0.763158 0.022642 0.084211
0 0.949057 0.773684 0.026415 0.084211
0 0.815094 0.810526 0.060377 0.105263
0 0.743396 0.868421 0.052830 0.073684
0 0.722642 0.847368 0.056604 0.073684
0 0.700000 0.823684 0.049057 0.078947
0 0.673585 0.786842 0.064151 0.078947
0 0.292453 0.710526 0.079245 0.063158
0 0.283019 0.750000 0.075472 0.057895
0 0.273585 0.786842 0.064151 0.057895
0 0.116981 0.850000 0.052830 0.089474
0 0.094340 0.855263 0.037736 0.078947
0 0.069811 0.876316 0.049057 0.089474
0 0.028302 0.157895 0.041509 0.094737
0 0.556604 0.894737 0.056604 0.084211
0 0.877358 0.707895 0.056604 0.068421
