0 0.071667 0.145740 0.076667 0.121076
0 0.655000 0.210762 0.110000 0.170404
0 0.566667 0.226457 0.066667 0.094170
0 0.420000 0.235426 0.086667 0.139013
0 0.308333 0.215247 0.090000 0.080717
0 0.220000 0.221973 0.060000 0.121076
0 0.390000 0.322870 0.086667 0.134529
0 0.526667 0.038117 0.106667 0.067265
0 0.956667 0.269058 0.073333 0.107623
0 0.965000 0.381166 0.070000 0.134529
0 0.876667 0.461883 0.086667 0.134529
0 0.735000 0.439462 0.096667 0.134529
0 0.766667 0.587444 0.106667 0.143498
0 0.845000 0.663677 0.063333 0.116592
0 0.781667 0.735426 0.090000 0.125561
0 0.555000 0.549327 0.070000 0.121076
0 0.501667 0.486547 0.056667 0.103139
0 0.313333 0.356502 0.066667 0.094170
0 0.211667 0.320628 0.090000 0.103139
0 0.156667 0.381166 0.093333 0.152466
0 0.388333 0.515695 0.063333 0.071749
0 0.240000 0.488789 0.106667 0.071749
0 0.256667 0.571749 0.060000 0.121076
0 0.356667 0.630045 0.100000 0.156951
0 0.148333 0.641256 0.070000 0.098655
0 0.205000 0.661435 0.056667 0.085202
0 0.735000 0.798206 0.090000 0.134529
0 0.683333 0.816143 0.060000 0.116592
0 0.616667 0.791480 0.086667 0.139013
0 0.546667 0.739910 0.053333 0.134529
0 0.586667 0.858744 0.080000 0.067265
0 0.501667 0.849776 0.083333 0.085202
0 0.373333 0.829596 0.066667 0.098655
0 0.293333 0.845291 0.080000 0.094170
0 0.178333 0.755605 0.083333 0.130045
0 0.228333 0.728700 0.090000 0.067265
0 0.238333 0.809417 0.036667 0.112108
0 0.103333 0.838565 0.100000 0.107623
