0 0.758772 0.353070 0.070175 0.065789
0 0.848684 0.491228 0.065789 0.070175
0 0.364035 0.265351 0.061404 0.039474
0 0.157895 0.179825 0.061404 0.061404
0 0.067982 0.221491 0.065789 0.065789
0 0.405702 0.385965 0.048246 0.061404
0 0.458333 0.414474 0.065789 0.074561
0 0.366228 0.432018 0.057018 0.057018
0 0.116228 0.513158 0.057018 0.070175
0 0.175439 0.543860 0.061404 0.061404
0 0.247807 0.563596 0.057018 0.065789
0 0.383772 0.614035 0.065789 0.070175
0 0.456140 0.559211 0.043860 0.074561
0 0.730263 0.644737 0.057018 0.061404
0 0.923246 0.688596 0.065789 0.070175
0 0.953947 0.785088 0.057018 0.061404
0 0.539474 0.782895 0.078947 0.065789
0 0.554825 0.831140 0.057018 0.048246
