0 0.266791 0.268617 0.063433 0.101064
0 0.244403 0.303191 0.063433 0.117021
0 0.220149 0.337766 0.067164 0.132979
0 0.188433 0.414894 0.070896 0.191489
0 0.253731 0.619681 0.074627 0.111702
0 0.225746 0.659574 0.063433 0.117021
0 0.197761 0.686170 0.074627 0.127660
0 0.164179 0.757979 0.074627 0.175532
0 0.421642 0.345745 0.044776 0.074468
0 0.458955 0.369681 0.037313 0.079787
0 0.492537 0.380319 0.037313 0.069149
0 0.544776 0.359043 0.059701 0.101064
0 0.419776 0.574468 0.063433 0.127660
0 0.470149 0.603723 0.059701 0.101064
0 0.483209 0.656915 0.070896 0.111702
0 0.539179 0.667553 0.055970 0.111702
0 0.815299 0.284574 0.093284 0.079787
0 0.763060 0.319149 0.048507 0.095745
0 0.725746 0.335106 0.055970 0.106383
0 0.688433 0.414894 0.070896 0.170213
0 0.791045 0.582447 0.059701 0.101064
0 0.748134 0.603723 0.048507 0.101064
0 0.718284 0.625000 0.048507 0.101064
0 0.697761 0.675532 0.059701 0.117021
