0 0.782895 0.445175 0.030702 0.109649
0 0.752193 0.445175 0.039474 0.092105
0 0.638158 0.247807 0.074561 0.057018
0 0.642544 0.289474 0.065789 0.061404
0 0.331140 0.346491 0.039474 0.087719
0 0.296053 0.331140 0.030702 0.083333
0 0.254386 0.309211 0.035088 0.100877
0 0.219298 0.309211 0.043860 0.109649
0 0.061404 0.322368 0.043860 0.065789
0 0.059211 0.361842 0.083333 0.048246
0 0.471491 0.603070 0.074561 0.100877
0 0.515351 0.616228 0.057018 0.100877
0 0.552632 0.706140 0.061404 0.087719
0 0.585526 0.730263 0.057018 0.083333
