0 0.206140 0.160088 0.043860 0.057018
0 0.256579 0.177632 0.039474 0.039474
0 0.296053 0.190789 0.048246 0.057018
0 0.418860 0.162281 0.048246 0.043860
0 0.410088 0.192982 0.039474 0.035088
0 0.467105 0.214912 0.065789 0.070175
0 0.703947 0.223684 0.057018 0.052632
0 0.960526 0.252193 0.070175 0.057018
0 0.622807 0.296053 0.061404 0.057018
0 0.146930 0.410088 0.074561 0.057018
0 0.179825 0.478070 0.070175 0.052632
0 0.293860 0.491228 0.070175 0.052632
0 0.208333 0.515351 0.065789 0.057018
0 0.177632 0.565789 0.065789 0.052632
0 0.074561 0.605263 0.061404 0.052632
0 0.054825 0.699561 0.048246 0.065789
0 0.302632 0.570175 0.052632 0.061404
0 0.355263 0.583333 0.052632 0.052632
0 0.421053 0.603070 0.061404 0.065789
0 0.350877 0.357456 0.052632 0.048246
0 0.375000 0.392544 0.039474 0.048246
0 0.478070 0.401316 0.061404 0.065789
0 0.576754 0.392544 0.065789 0.048246
0 0.471491 0.451754 0.057018 0.052632
0 0.565789 0.456140 0.052632 0.035088
0 0.550439 0.491228 0.065789 0.035088
0 0.541667 0.521930 0.074561 0.043860
0 0.425439 0.548246 0.043860 0.052632
0 0.497807 0.557018 0.039474 0.052632
0 0.484649 0.605263 0.048246 0.061404
0 0.541667 0.570175 0.048246 0.043860
0 0.530702 0.640351 0.052632 0.070175
0 0.629386 0.572368 0.065789 0.048246
0 0.714912 0.581140 0.043860 0.048246
0 0.725877 0.699561 0.057018 0.065789
0 0.671053 0.673246 0.061404 0.057018
0 0.607456 0.668860 0.057018 0.057018
0 0.787281 0.640351 0.039474 0.043860
0 0.631579 0.616228 0.052632 0.048246
0 0.901316 0.484649 0.065789 0.065789
0 0.629386 0.267544 0.065789 0.052632
