0 0.377358 0.103448 0.132075 0.183908
0 0.245283 0.149425 0.113208 0.183908
0 0.108491 0.189655 0.141509 0.149425
0 0.094340 0.344828 0.132075 0.183908
0 0.221698 0.448276 0.160377 0.137931
0 0.316038 0.316092 0.141509 0.241379
0 0.466981 0.293103 0.141509 0.195402
0 0.481132 0.103448 0.075472 0.183908
0 0.556604 0.114943 0.056604 0.206897
0 0.669811 0.120690 0.132075 0.218391
0 0.801887 0.086207 0.132075 0.149425
0 0.740566 0.293103 0.141509 0.195402
0 0.900943 0.293103 0.160377 0.241379
0 0.566038 0.465517 0.150943 0.149425
0 0.278302 0.614943 0.160377 0.103448
0 0.117925 0.580460 0.141509 0.172414
0 0.273585 0.706897 0.169811 0.126437
0 0.429245 0.632184 0.141509 0.160920
0 0.566038 0.706897 0.169811 0.195402
0 0.905660 0.655172 0.169811 0.160920
0 0.787736 0.747126 0.141509 0.160920
0 0.660377 0.833333 0.150943 0.172414
0 0.523585 0.879310 0.141509 0.172414
0 0.396226 0.798851 0.169811 0.126437
0 0.938679 0.833333 0.122642 0.172414
0 0.820755 0.919540 0.113208 0.160920
0 0.382075 0.936782 0.179245 0.126437
