0 0.120614 0.234649 0.057018 0.057018
0 0.228070 0.234649 0.052632 0.065789
0 0.440789 0.192982 0.057018 0.052632
0 0.510965 0.263158 0.048246 0.070175
0 0.631579 0.195175 0.061404 0.065789
0 0.776316 0.223684 0.061404 0.061404
0 0.791667 0.289474 0.065789 0.061404
0 0.252193 0.149123 0.048246 0.043860
0 0.317982 0.521930 0.048246 0.061404
0 0.442982 0.530702 0.052632 0.061404
0 0.412281 0.576754 0.052632 0.048246
0 0.403509 0.460526 0.061404 0.052632
0 0.521930 0.434211 0.070175 0.043860
0 0.692982 0.519737 0.061404 0.057018
0 0.837719 0.587719 0.061404 0.061404
0 0.969298 0.684211 0.061404 0.070175
0 0.936404 0.785088 0.065789 0.052632
0 0.655702 0.813596 0.074561 0.065789
0 0.054825 0.600877 0.057018 0.061404
0 0.160088 0.442982 0.065789 0.052632
0 0.182018 0.572368 0.065789 0.065789
0 0.162281 0.383772 0.070175 0.057018
