0 0.317982 0.208333 0.065789 0.057018
0 0.298246 0.276316 0.052632 0.052632
0 0.260965 0.311404 0.065789 0.070175
0 0.201754 0.335526 0.061404 0.074561
0 0.140351 0.368421 0.061404 0.061404
0 0.111842 0.434211 0.065789 0.078947
0 0.184211 0.414474 0.052632 0.065789
0 0.256579 0.401316 0.074561 0.074561
0 0.230263 0.460526 0.057018 0.061404
0 0.162281 0.491228 0.070175 0.070175
0 0.291667 0.467105 0.074561 0.074561
0 0.234649 0.521930 0.065789 0.070175
0 0.296053 0.552632 0.065789 0.070175
0 0.355263 0.467105 0.052632 0.074561
0 0.425439 0.260965 0.052632 0.065789
0 0.440789 0.423246 0.074561 0.083333
0 0.541667 0.355263 0.074561 0.052632
0 0.622807 0.302632 0.061404 0.070175
0 0.695175 0.307018 0.065789 0.070175
0 0.947368 0.449561 0.070175 0.065789
0 0.723684 0.445175 0.061404 0.057018
0 0.607456 0.445175 0.065789 0.057018
0 0.478070 0.478070 0.061404 0.052632
0 0.576754 0.497807 0.065789 0.057018
0 0.653509 0.510965 0.061404 0.074561
0 0.500000 0.530702 0.061404 0.052632
0 0.464912 0.561404 0.061404 0.052632
0 0.414474 0.600877 0.057018 0.061404
0 0.563596 0.557018 0.057018 0.052632
0 0.396930 0.785088 0.065789 0.070175
0 0.521930 0.668860 0.070175 0.057018
0 0.607456 0.721491 0.057018 0.065789
0 0.719298 0.605263 0.035088 0.052632
0 0.703947 0.675439 0.057018 0.061404
0 0.690789 0.765351 0.065789 0.065789
0 0.631579 0.793860 0.070175 0.078947
0 0.743421 0.802632 0.057018 0.070175
0 0.789474 0.682018 0.070175 0.057018
0 0.554825 0.785088 0.065789 0.061404
