0 0.120614 0.195175 0.048246 0.048246
0 0.168860 0.203947 0.048246 0.065789
0 0.554825 0.234649 0.065789 0.074561
0 0.778509 0.377193 0.057018 0.070175
0 0.899123 0.458333 0.070175 0.065789
0 0.864035 0.513158 0.061404 0.061404
0 0.879386 0.563596 0.057018 0.057018
0 0.940789 0.646930 0.065789 0.065789
0 0.756579 0.605263 0.048246 0.052632
0 0.692982 0.811404 0.070175 0.070175
0 0.475877 0.815789 0.065789 0.070175
0 0.563596 0.627193 0.065789 0.061404
0 0.653509 0.475877 0.070175 0.065789
0 0.607456 0.436404 0.057018 0.048246
0 0.578947 0.491228 0.078947 0.078947
0 0.506579 0.526316 0.039474 0.043860
0 0.486842 0.392544 0.061404 0.065789
0 0.399123 0.403509 0.078947 0.061404
0 0.309211 0.379386 0.065789 0.057018
0 0.342105 0.453947 0.052632 0.057018
0 0.269737 0.451754 0.074561 0.061404
0 0.182018 0.500000 0.074561 0.061404
0 0.427632 0.578947 0.057018 0.052632
0 0.427632 0.638158 0.057018 0.057018
0 0.364035 0.638158 0.061404 0.065789
0 0.212719 0.412281 0.065789 0.061404
