0 0.519737 0.289474 0.100877 0.070175
0 0.304825 0.208333 0.100877 0.048246
0 0.307018 0.469298 0.078947 0.087719
0 0.839912 0.486842 0.057018 0.105263
0 0.173246 0.710526 0.065789 0.087719
0 0.359649 0.706140 0.070175 0.096491
0 0.557018 0.677632 0.096491 0.065789
0 0.690789 0.631579 0.083333 0.061404
0 0.776316 0.651316 0.061404 0.100877
0 0.635965 0.493421 0.061404 0.065789
0 0.594298 0.486842 0.065789 0.061404
0 0.565789 0.541667 0.078947 0.065789
0 0.407895 0.453947 0.070175 0.048246
0 0.407895 0.506579 0.061404 0.057018
0 0.473684 0.521930 0.052632 0.061404
0 0.510965 0.508772 0.057018 0.061404
0 0.513158 0.594298 0.070175 0.083333
0 0.864035 0.800439 0.078947 0.065789
0 0.684211 0.842105 0.114035 0.061404
