0 0.296053 0.245614 0.065789 0.078947
0 0.116228 0.291667 0.065789 0.074561
0 0.057018 0.368421 0.052632 0.087719
0 0.195175 0.361842 0.083333 0.057018
0 0.381579 0.344298 0.087719 0.065789
0 0.489035 0.298246 0.074561 0.070175
0 0.614035 0.265351 0.087719 0.057018
0 0.796053 0.307018 0.057018 0.078947
0 0.947368 0.276316 0.061404 0.070175
0 0.875000 0.344298 0.092105 0.057018
0 0.745614 0.392544 0.052632 0.083333
0 0.348684 0.418860 0.083333 0.065789
0 0.491228 0.563596 0.052632 0.065789
0 0.392544 0.611842 0.065789 0.074561
0 0.662281 0.467105 0.070175 0.057018
0 0.809211 0.524123 0.074561 0.057018
0 0.642544 0.739035 0.083333 0.065789
0 0.129386 0.710526 0.057018 0.070175
0 0.225877 0.653509 0.057018 0.061404
0 0.638158 0.664474 0.083333 0.057018
0 0.846491 0.585526 0.052632 0.057018
0 0.967105 0.771930 0.057018 0.070175
0 0.596491 0.412281 0.052632 0.070175
