0 0.363469 0.147849 0.062731 0.112903
0 0.217712 0.153226 0.081181 0.112903
0 0.095941 0.150538 0.088561 0.129032
0 0.066421 0.311828 0.081181 0.118280
0 0.178967 0.319892 0.070111 0.123656
0 0.243542 0.327957 0.066421 0.118280
0 0.357934 0.330645 0.073801 0.123656
0 0.485240 0.298387 0.084871 0.145161
0 0.590406 0.330645 0.066421 0.102151
0 0.612546 0.271505 0.066421 0.080645
0 0.734317 0.327957 0.051661 0.129032
0 0.773063 0.306452 0.047970 0.129032
0 0.856089 0.360215 0.095941 0.118280
0 0.933579 0.241935 0.081181 0.129032
0 0.536900 0.532258 0.077491 0.129032
0 0.590406 0.631720 0.088561 0.102151
0 0.549815 0.744624 0.059041 0.091398
0 0.594096 0.790323 0.059041 0.107527
0 0.431734 0.580645 0.073801 0.129032
0 0.370849 0.698925 0.092251 0.086022
0 0.381919 0.860215 0.084871 0.118280
0 0.736162 0.645161 0.077491 0.139785
0 0.843173 0.583333 0.092251 0.155914
0 0.920664 0.602151 0.062731 0.139785
0 0.961255 0.572581 0.055351 0.123656
0 0.948339 0.771505 0.073801 0.112903
0 0.861624 0.758065 0.077491 0.096774
0 0.791513 0.793011 0.077491 0.112903
0 0.887454 0.892473 0.092251 0.096774
0 0.254613 0.717742 0.095941 0.123656
0 0.173432 0.505376 0.095941 0.139785
0 0.110701 0.556452 0.059041 0.091398
0 0.057196 0.534946 0.062731 0.112903
0 0.075646 0.661290 0.084871 0.075269
0 0.064576 0.771505 0.070111 0.123656
0 0.247232 0.596774 0.095941 0.107527
