0 0.166667 0.173246 0.070175 0.065789
0 0.081140 0.234649 0.057018 0.065789
0 0.219298 0.232456 0.061404 0.070175
0 0.287281 0.225877 0.065789 0.065789
0 0.410088 0.188596 0.074561 0.052632
0 0.359649 0.241228 0.061404 0.078947
0 0.442982 0.254386 0.078947 0.070175
0 0.537281 0.157895 0.074561 0.061404
0 0.572368 0.210526 0.074561 0.061404
0 0.035088 0.335526 0.061404 0.065789
0 0.107456 0.394737 0.065789 0.070175
0 0.076754 0.467105 0.065789 0.065789
0 0.140351 0.482456 0.070175 0.070175
0 0.162281 0.421053 0.043860 0.061404
0 0.221491 0.401316 0.065789 0.065789
0 0.296053 0.390351 0.065789 0.061404
0 0.339912 0.328947 0.065789 0.070175
0 0.425439 0.328947 0.070175 0.052632
0 0.377193 0.390351 0.061404 0.052632
0 0.475877 0.370614 0.065789 0.065789
0 0.383772 0.453947 0.065789 0.074561
0 0.510965 0.414474 0.057018 0.057018
0 0.763158 0.192982 0.078947 0.070175
0 0.721491 0.258772 0.083333 0.078947
0 0.785088 0.309211 0.078947 0.074561
0 0.885965 0.396930 0.078947 0.074561
0 0.813596 0.432018 0.074561 0.065789
0 0.802632 0.497807 0.078947 0.065789
0 0.951754 0.530702 0.070175 0.061404
0 0.811404 0.589912 0.070175 0.065789
0 0.752193 0.559211 0.065789 0.065789
0 0.690789 0.561404 0.065789 0.070175
0 0.640351 0.491228 0.070175 0.070175
0 0.456140 0.502193 0.061404 0.057018
0 0.263158 0.467105 0.061404 0.065789
0 0.186404 0.539474 0.065789 0.052632
0 0.550439 0.548246 0.065789 0.061404
0 0.061404 0.730263 0.070175 0.074561
0 0.135965 0.660088 0.061404 0.048246
0 0.184211 0.725877 0.070175 0.074561
0 0.258772 0.673246 0.052632 0.057018
0 0.324561 0.682018 0.061404 0.065789
0 0.394737 0.585526 0.052632 0.065789
0 0.456140 0.653509 0.078947 0.061404
0 0.414474 0.717105 0.057018 0.057018
0 0.355263 0.785088 0.061404 0.070175
0 0.269737 0.752193 0.065789 0.057018
0 0.532895 0.697368 0.065789 0.070175
0 0.550439 0.776316 0.065789 0.070175
0 0.679825 0.708333 0.070175 0.065789
0 0.609649 0.684211 0.061404 0.052632
0 0.589912 0.596491 0.065789 0.061404
0 0.877193 0.743421 0.070175 0.057018
0 0.747807 0.837719 0.065789 0.052632
0 0.892544 0.241228 0.048246 0.061404
0 0.936404 0.260965 0.048246 0.057018
0 0.848684 0.839912 0.074561 0.057018
