0 0.517544 0.203947 0.070175 0.092105
0 0.390351 0.243421 0.070175 0.092105
0 0.274123 0.221491 0.074561 0.083333
0 0.190789 0.157895 0.074561 0.052632
0 0.074561 0.276316 0.078947 0.061404
0 0.162281 0.458333 0.096491 0.083333
0 0.436404 0.421053 0.074561 0.105263
0 0.039474 0.546053 0.070175 0.092105
0 0.125000 0.578947 0.065789 0.070175
0 0.186404 0.550439 0.074561 0.083333
0 0.278509 0.497807 0.074561 0.083333
0 0.802632 0.192982 0.105263 0.087719
0 0.635965 0.379386 0.078947 0.074561
0 0.526316 0.425439 0.096491 0.078947
0 0.671053 0.458333 0.070175 0.065789
0 0.589912 0.502193 0.083333 0.074561
0 0.447368 0.570175 0.096491 0.070175
0 0.236842 0.350877 0.070175 0.070175
0 0.050439 0.723684 0.074561 0.087719
0 0.160088 0.725877 0.074561 0.074561
0 0.265351 0.712719 0.057018 0.074561
0 0.478070 0.653509 0.078947 0.070175
0 0.537281 0.719298 0.065789 0.078947
0 0.605263 0.660088 0.078947 0.057018
0 0.655702 0.583333 0.065789 0.087719
0 0.934211 0.642544 0.078947 0.083333
0 0.912281 0.743421 0.096491 0.092105
0 0.741228 0.703947 0.078947 0.092105
0 0.758772 0.421053 0.061404 0.070175
