0 0.052632 0.197368 0.061404 0.052632
0 0.155702 0.250000 0.039474 0.052632
0 0.197368 0.285088 0.052632 0.070175
0 0.239035 0.328947 0.048246 0.070175
0 0.368421 0.232456 0.043860 0.052632
0 0.500000 0.201754 0.070175 0.078947
0 0.416667 0.160088 0.052632 0.057018
0 0.554825 0.260965 0.057018 0.048246
0 0.451754 0.333333 0.061404 0.052632
0 0.502193 0.381579 0.048246 0.052632
0 0.440789 0.385965 0.048246 0.052632
0 0.375000 0.368421 0.048246 0.043860
0 0.024123 0.258772 0.039474 0.052632
0 0.127193 0.307018 0.052632 0.061404
0 0.168860 0.407895 0.048246 0.070175
0 0.638158 0.168860 0.048246 0.065789
0 0.927632 0.217105 0.057018 0.065789
0 0.741228 0.228070 0.052632 0.061404
0 0.800439 0.236842 0.048246 0.043860
0 0.894737 0.311404 0.061404 0.035088
0 0.918860 0.359649 0.065789 0.052632
0 0.785088 0.401316 0.052632 0.065789
0 0.679825 0.359649 0.043860 0.061404
0 0.776316 0.541667 0.070175 0.074561
0 0.949561 0.467105 0.048246 0.057018
0 0.901316 0.489035 0.039474 0.048246
0 0.850877 0.515351 0.061404 0.039474
0 0.870614 0.559211 0.039474 0.048246
0 0.934211 0.554825 0.052632 0.065789
0 0.875000 0.605263 0.048246 0.043860
0 0.750000 0.714912 0.043860 0.043860
0 0.942982 0.695175 0.052632 0.057018
0 0.901316 0.695175 0.039474 0.039474
0 0.877193 0.719298 0.043860 0.043860
0 0.798246 0.771930 0.070175 0.043860
0 0.688596 0.600877 0.052632 0.070175
0 0.800439 0.307018 0.065789 0.043860
0 0.682018 0.190789 0.039474 0.048246
0 0.247807 0.390351 0.048246 0.043860
0 0.098684 0.460526 0.057018 0.061404
0 0.195175 0.467105 0.057018 0.048246
0 0.278509 0.475877 0.048246 0.039474
0 0.405702 0.482456 0.048246 0.043860
0 0.453947 0.502193 0.057018 0.039474
0 0.478070 0.458333 0.052632 0.048246
0 0.118421 0.649123 0.043860 0.061404
0 0.186404 0.640351 0.039474 0.061404
0 0.151316 0.600877 0.039474 0.043860
0 0.195175 0.583333 0.039474 0.043860
0 0.287281 0.600877 0.039474 0.043860
0 0.258772 0.640351 0.061404 0.043860
0 0.410088 0.572368 0.048246 0.057018
0 0.458333 0.618421 0.057018 0.052632
0 0.403509 0.723684 0.061404 0.061404
0 0.375000 0.666667 0.048246 0.052632
0 0.173246 0.721491 0.057018 0.057018
0 0.570175 0.662281 0.061404 0.043860
0 0.528509 0.605263 0.065789 0.061404
0 0.684211 0.750000 0.035088 0.061404
0 0.517544 0.506579 0.070175 0.048246
