0 0.078947 0.166667 0.043860 0.052632
0 0.094298 0.353070 0.048246 0.057018
0 0.486842 0.370614 0.052632 0.048246
0 0.600877 0.149123 0.061404 0.043860
0 0.787281 0.171053 0.057018 0.043860
0 0.767544 0.210526 0.052632 0.052632
0 0.642544 0.359649 0.048246 0.052632
0 0.813596 0.401316 0.057018 0.048246
0 0.559211 0.427632 0.057018 0.048246
0 0.657895 0.519737 0.052632 0.057018
0 0.271930 0.519737 0.052632 0.065789
0 0.339912 0.528509 0.048246 0.039474
0 0.412281 0.712719 0.043860 0.048246
0 0.616228 0.712719 0.057018 0.048246
0 0.780702 0.736842 0.052632 0.052632
0 0.682018 0.809211 0.057018 0.048246
0 0.464912 0.820175 0.052632 0.052632
