0 0.116228 0.179825 0.039474 0.035088
0 0.188596 0.232456 0.052632 0.043860
0 0.107456 0.252193 0.048246 0.048246
0 0.103070 0.296053 0.048246 0.048246
0 0.035088 0.307018 0.052632 0.043860
0 0.070175 0.372807 0.061404 0.052632
0 0.350877 0.157895 0.052632 0.061404
0 0.504386 0.153509 0.052632 0.043860
0 0.346491 0.234649 0.043860 0.057018
0 0.594298 0.206140 0.048246 0.052632
0 0.921053 0.195175 0.043860 0.048246
0 0.962719 0.228070 0.048246 0.052632
0 0.848684 0.250000 0.057018 0.043860
0 0.864035 0.302632 0.035088 0.043860
0 0.879386 0.385965 0.048246 0.052632
0 0.782895 0.342105 0.048246 0.052632
0 0.736842 0.328947 0.043860 0.052632
0 0.756579 0.399123 0.039474 0.052632
0 0.800439 0.432018 0.048246 0.048246
0 0.973684 0.416667 0.043860 0.043860
0 0.592105 0.298246 0.052632 0.052632
0 0.478070 0.313596 0.052632 0.057018
0 0.372807 0.315789 0.043860 0.043860
0 0.331140 0.342105 0.048246 0.043860
0 0.186404 0.471491 0.048246 0.048246
0 0.177632 0.355263 0.048246 0.052632
0 0.357456 0.412281 0.048246 0.043860
0 0.344298 0.462719 0.048246 0.057018
0 0.537281 0.375000 0.048246 0.065789
0 0.710526 0.434211 0.052632 0.035088
0 0.570175 0.445175 0.061404 0.039474
0 0.493421 0.412281 0.048246 0.043860
0 0.570175 0.491228 0.043860 0.052632
0 0.432018 0.515351 0.057018 0.048246
0 0.065789 0.427632 0.061404 0.057018
0 0.030702 0.552632 0.052632 0.043860
0 0.109649 0.697368 0.052632 0.061404
0 0.260965 0.682018 0.048246 0.057018
0 0.333333 0.677632 0.043860 0.048246
0 0.379386 0.627193 0.057018 0.052632
0 0.447368 0.578947 0.043860 0.070175
0 0.541667 0.541667 0.048246 0.057018
0 0.539474 0.600877 0.052632 0.052632
0 0.657895 0.581140 0.043860 0.048246
0 0.710526 0.651316 0.052632 0.057018
0 0.600877 0.653509 0.035088 0.043860
0 0.513158 0.684211 0.061404 0.061404
0 0.885965 0.653509 0.043860 0.043860
0 0.824561 0.686404 0.052632 0.057018
0 0.385965 0.725877 0.052632 0.048246
0 0.427632 0.714912 0.039474 0.043860
0 0.449561 0.756579 0.057018 0.048246
0 0.348684 0.771930 0.057018 0.052632
0 0.497807 0.756579 0.048246 0.057018
0 0.692982 0.789474 0.052632 0.061404
0 0.776316 0.793860 0.043860 0.052632
0 0.850877 0.817982 0.052632 0.057018
0 0.307018 0.826754 0.052632 0.048246
