0 0.464912 0.190789 0.070175 0.065789
0 0.583333 0.256579 0.070175 0.065789
0 0.559211 0.317982 0.083333 0.065789
0 0.366228 0.313596 0.100877 0.074561
0 0.276316 0.293860 0.061404 0.087719
0 0.192982 0.475877 0.078947 0.092105
0 0.100877 0.497807 0.070175 0.083333
0 0.346491 0.467105 0.078947 0.074561
0 0.671053 0.355263 0.078947 0.070175
0 0.660088 0.416667 0.092105 0.061404
0 0.482456 0.460526 0.087719 0.078947
0 0.192982 0.322368 0.078947 0.057018
0 0.182018 0.383772 0.083333 0.057018
0 0.361842 0.559211 0.074561 0.057018
0 0.372807 0.633772 0.061404 0.083333
0 0.868421 0.484649 0.061404 0.092105
0 0.605263 0.532895 0.087719 0.065789
0 0.478070 0.767544 0.052632 0.087719
0 0.662281 0.765351 0.061404 0.083333
0 0.796053 0.684211 0.065789 0.061404
0 0.925439 0.543860 0.061404 0.078947
0 0.892544 0.276316 0.057018 0.052632
0 0.798246 0.442982 0.070175 0.061404
0 0.442982 0.250000 0.061404 0.052632
0 0.282895 0.686404 0.074561 0.092105
0 0.039474 0.396930 0.061404 0.065789
0 0.199561 0.730263 0.057018 0.065789
0 0.962719 0.719298 0.065789 0.078947
0 0.594298 0.603070 0.074561 0.074561
