0 0.256579 0.269737 0.065789 0.074561
0 0.317982 0.230263 0.057018 0.048246
0 0.230263 0.190789 0.057018 0.057018
0 0.361842 0.164474 0.057018 0.048246
0 0.416667 0.219298 0.061404 0.078947
0 0.480263 0.252193 0.074561 0.065789
0 0.548246 0.245614 0.061404 0.070175
0 0.258772 0.348684 0.078947 0.057018
0 0.166667 0.394737 0.070175 0.078947
0 0.552632 0.412281 0.061404 0.078947
0 0.741228 0.385965 0.061404 0.087719
0 0.725877 0.228070 0.074561 0.078947
0 0.519737 0.168860 0.074561 0.074561
0 0.923246 0.280702 0.057018 0.061404
0 0.855263 0.467105 0.078947 0.083333
0 0.828947 0.565789 0.061404 0.078947
0 0.899123 0.550439 0.052632 0.083333
0 0.769737 0.458333 0.057018 0.065789
0 0.754386 0.535088 0.061404 0.078947
0 0.706140 0.482456 0.078947 0.061404
0 0.706140 0.429825 0.052632 0.070175
0 0.486842 0.524123 0.078947 0.083333
0 0.464912 0.589912 0.070175 0.065789
0 0.418860 0.469298 0.057018 0.078947
0 0.346491 0.440789 0.070175 0.074561
0 0.462719 0.403509 0.057018 0.070175
0 0.611842 0.541667 0.065789 0.048246
0 0.574561 0.605263 0.070175 0.061404
0 0.317982 0.300439 0.057018 0.057018
0 0.149123 0.467105 0.070175 0.048246
0 0.212719 0.432018 0.057018 0.065789
0 0.098684 0.576754 0.057018 0.065789
0 0.280702 0.644737 0.078947 0.052632
0 0.359649 0.646930 0.070175 0.057018
0 0.462719 0.660088 0.083333 0.065789
0 0.375000 0.747807 0.065789 0.074561
0 0.804825 0.644737 0.057018 0.070175
0 0.754386 0.717105 0.078947 0.083333
0 0.662281 0.714912 0.070175 0.070175
0 0.662281 0.815789 0.105263 0.087719
0 0.539474 0.741228 0.061404 0.070175
0 0.677632 0.600877 0.048246 0.052632
0 0.635965 0.629386 0.061404 0.065789
0 0.247807 0.565789 0.065789 0.070175
0 0.076754 0.473684 0.057018 0.061404
0 0.620614 0.274123 0.065789 0.065789
0 0.462719 0.723684 0.074561 0.061404
0 0.355263 0.824561 0.052632 0.061404
0 0.296053 0.831140 0.065789 0.074561
0 0.118421 0.703947 0.070175 0.057018
0 0.739035 0.826754 0.057018 0.074561
0 0.899123 0.750000 0.061404 0.061404
0 0.804825 0.807018 0.074561 0.070175
0 0.927632 0.618421 0.057018 0.087719
0 0.782895 0.221491 0.074561 0.065789
