0 0.173246 0.234649 0.039474 0.057018
0 0.271930 0.210526 0.052632 0.052632
0 0.381579 0.206140 0.070175 0.061404
0 0.230263 0.293860 0.065789 0.061404
0 0.258772 0.355263 0.070175 0.070175
0 0.076754 0.396930 0.048246 0.048246
0 0.129386 0.394737 0.057018 0.043860
0 0.276316 0.421053 0.061404 0.061404
0 0.111842 0.489035 0.065789 0.065789
0 0.285088 0.502193 0.061404 0.057018
0 0.192982 0.407895 0.043860 0.052632
0 0.151316 0.703947 0.057018 0.057018
0 0.103070 0.745614 0.057018 0.043860
0 0.451754 0.629386 0.052632 0.065789
0 0.405702 0.657895 0.057018 0.061404
0 0.357456 0.754386 0.074561 0.052632
0 0.250000 0.668860 0.052632 0.057018
0 0.561404 0.421053 0.061404 0.070175
0 0.730263 0.271930 0.057018 0.061404
0 0.771930 0.333333 0.061404 0.061404
0 0.627193 0.548246 0.070175 0.070175
0 0.567982 0.666667 0.083333 0.078947
0 0.945175 0.646930 0.057018 0.057018
0 0.633772 0.765351 0.057018 0.065789
0 0.497807 0.548246 0.057018 0.052632
0 0.635965 0.361842 0.061404 0.074561
