0 0.061404 0.210526 0.052632 0.043860
0 0.067982 0.322368 0.057018 0.065789
0 0.337719 0.300439 0.052632 0.048246
0 0.405702 0.296053 0.065789 0.083333
0 0.287281 0.414474 0.057018 0.048246
0 0.416667 0.401316 0.052632 0.057018
0 0.478070 0.353070 0.043860 0.074561
0 0.521930 0.344298 0.043860 0.057018
0 0.554825 0.375000 0.039474 0.065789
0 0.539474 0.421053 0.061404 0.035088
0 0.811404 0.212719 0.078947 0.057018
0 0.587719 0.447368 0.043860 0.061404
0 0.361842 0.631579 0.057018 0.052632
0 0.688596 0.822368 0.070175 0.065789
