0 0.554825 0.234649 0.083333 0.092105
0 0.171053 0.289474 0.078947 0.078947
0 0.480263 0.445175 0.100877 0.092105
0 0.629386 0.359649 0.074561 0.061404
0 0.776316 0.322368 0.070175 0.083333
0 0.910088 0.263158 0.083333 0.078947
0 0.627193 0.133772 0.078947 0.065789
0 0.697368 0.164474 0.070175 0.065789
0 0.532895 0.662281 0.074561 0.078947
0 0.256579 0.631579 0.065789 0.070175
0 0.662281 0.782895 0.078947 0.074561
0 0.662281 0.438596 0.087719 0.078947
0 0.633772 0.489035 0.065789 0.074561
0 0.824561 0.495614 0.070175 0.078947
0 0.907895 0.557018 0.061404 0.070175
0 0.960526 0.480263 0.070175 0.092105
0 0.964912 0.747807 0.061404 0.092105
